total: 20.1084
group_lasso: 20.0366
linear: 0.0690097
quadratic: 0.00277022
