0.000000,0.431227,0.336202,0.435224,0.100154,0.420724,0.301743,0.105735,0.633430,0.362699,0.238128,0.198289,0.456435,0.623240,0.573971,0.838176,0.409653,0.083334,0.436919,0.265695,0.212283,0.238128,0.320140,0.317206,0.251892,0.425787,0.205925,0.065082,0.100154,0.341290,0.378794,0.252288,0.511058,0.624228,0.362699,0.264920,0.224794,0.362699,0.570959,0.089964,0.105735,1.057925,0.463555,0.344666,0.344972,0.456436,0.259030,0.373711,0.203157,0.175682,1.851503,1.691745,1.921553,1.632927,1.815352,1.547885,1.756331,1.308393,1.720871,1.471637,1.586437,1.563856,1.626298,1.676308,1.312860,1.713307,1.590178,1.370334,1.955751,1.432581,1.834711,1.505319,1.928767,1.610816,1.605700,1.703597,1.886958,2.003862,1.666702,1.274680,1.453974,1.393549,1.417148,1.904906,1.574574,1.649951,1.823790,1.821787,1.388791,1.536520,1.529874,1.630622,1.478164,1.364681,1.504252,1.371152,1.449924,1.558886,1.245437,1.459232,2.564629,2.043462,2.498408,2.121139,2.404367,2.777899,1.836728,2.506110,2.342434,2.753183,2.119092,2.172733,2.346096,2.131850,2.329321,2.322580,2.118481,2.855610,3.031078,2.021497,2.499935,2.018683,2.811495,2.018492,2.334422,2.373368,1.954449,1.915118,2.322894,2.262849,2.553094,2.757715,2.380476,1.879214,1.974373,2.803727,2.416507,2.083777,1.878762,2.335939,2.507858,2.397232,2.043462,2.518709,2.572196,2.384435,2.152919,2.165143,2.298141,1.929257,
0.431227,0.000000,0.203157,0.189397,0.503077,0.823274,0.381882,0.339628,0.290008,0.122630,0.646984,0.344666,0.100154,0.358325,0.974188,1.259988,0.817672,0.439206,0.811950,0.681824,0.445661,0.617698,0.544209,0.384302,0.378055,0.087652,0.382848,0.450043,0.372679,0.211471,0.120943,0.466046,0.936029,1.054093,0.122630,0.188310,0.534670,0.122630,0.279838,0.352996,0.429874,0.630677,0.325710,0.540746,0.716447,0.100154,0.679255,0.235702,0.625149,0.256099,1.907945,1.732085,1.955190,1.438213,1.779940,1.473047,1.811054,1.053218,1.707593,1.344791,1.284028,1.543744,1.427983,1.644006,1.246844,1.743884,1.558566,1.262789,1.801095,1.267095,1.855412,1.445437,1.832977,1.555002,1.583685,1.710603,1.862883,2.012890,1.630428,1.122425,1.259163,1.188877,1.313442,1.835805,1.534619,1.717545,1.852545,1.679190,1.352481,1.379054,1.396729,1.618987,1.353641,1.096646,1.398179,1.338980,1.394864,1.528142,1.021090,1.379593,2.602410,1.972956,2.515490,2.101587,2.406772,2.804300,1.685346,2.514256,2.275091,2.845115,2.154301,2.124068,2.356433,2.027405,2.282981,2.352126,2.121210,2.978219,3.011541,1.865674,2.539591,1.958738,2.815198,1.962870,2.386236,2.422759,1.911941,1.905221,2.292635,2.284399,2.549919,2.888765,2.350959,1.838325,1.892765,2.832067,2.470661,2.100190,1.865366,2.363686,2.528846,2.424278,1.972956,2.555659,2.619311,2.392027,2.067540,2.167814,2.352396,1.912990,
0.336202,0.203157,0.000000,0.120943,0.374216,0.733264,0.197377,0.245259,0.302368,0.175587,0.573971,0.202993,0.197377,0.297828,0.905014,1.158023,0.720618,0.346376,0.764181,0.557605,0.444295,0.505340,0.352901,0.370422,0.268760,0.256705,0.306065,0.379812,0.325711,0.101695,0.142733,0.459768,0.806971,0.945053,0.175587,0.170079,0.509933,0.175587,0.235702,0.285932,0.311805,0.762752,0.166666,0.460143,0.607065,0.197378,0.556529,0.065080,0.537884,0.189397,1.990244,1.800628,2.040493,1.561410,1.880449,1.560995,1.867226,1.166565,1.807855,1.423924,1.424214,1.616238,1.580564,1.730836,1.326895,1.829151,1.621131,1.375646,1.933695,1.389088,1.905221,1.547261,1.947624,1.654946,1.681945,1.801737,1.969737,2.097130,1.713007,1.248699,1.386600,1.322233,1.420669,1.927594,1.590377,1.757034,1.934807,1.815814,1.420896,1.488549,1.498751,1.698258,1.468193,1.222440,1.493412,1.413242,1.475740,1.622162,1.133247,1.470007,2.647457,2.052634,2.596919,2.180615,2.476383,2.891057,1.758351,2.607573,2.383179,2.891582,2.215692,2.216097,2.433689,2.114718,2.346268,2.406871,2.198309,3.025941,3.113493,1.990671,2.604030,2.024929,2.913700,2.056877,2.443994,2.499028,1.997743,1.974772,2.373754,2.375883,2.648692,2.940967,2.430132,1.932392,1.994897,2.918145,2.510715,2.168803,1.932564,2.437077,2.593704,2.494507,2.052634,2.618224,2.672035,2.464269,2.170359,2.241774,2.390889,1.977193,
0.435224,0.189397,0.120943,0.000000,0.473437,0.821187,0.265695,0.334489,0.203156,0.186338,0.668977,0.275672,0.165480,0.245056,1.008606,1.254929,0.821187,0.443131,0.851631,0.651446,0.514419,0.595767,0.449820,0.414770,0.305338,0.239742,0.375246,0.471404,0.418043,0.105735,0.116167,0.536478,0.901388,1.044714,0.186338,0.258203,0.604738,0.186338,0.154553,0.373711,0.414771,0.677548,0.154553,0.522259,0.680883,0.165481,0.646983,0.089964,0.633431,0.279838,1.990325,1.792970,2.033391,1.500968,1.858652,1.520007,1.859445,1.088488,1.790783,1.372626,1.339307,1.593691,1.526455,1.702614,1.297477,1.824143,1.588516,1.332962,1.886907,1.335297,1.886185,1.521646,1.908911,1.621129,1.664015,1.791061,1.951331,2.082833,1.685382,1.204637,1.326894,1.261303,1.382707,1.888488,1.553149,1.750067,1.926498,1.772875,1.390198,1.434734,1.443760,1.675013,1.425020,1.144805,1.448351,1.382945,1.441944,1.599709,1.071543,1.432837,2.630643,2.012890,2.582160,2.151548,2.454302,2.877579,1.695424,2.589029,2.348098,2.892252,2.204624,2.185715,2.417906,2.069081,2.314580,2.393478,2.176573,3.031708,3.090780,1.936153,2.594062,1.987333,2.895807,2.027121,2.433688,2.489590,1.970220,1.951287,2.345437,2.362023,2.630718,2.951332,2.402479,1.901923,1.949277,2.909807,2.499443,2.148565,1.908147,2.426403,2.579506,2.486853,2.012890,2.605363,2.662612,2.450238,2.134610,2.223567,2.379684,1.948218,
0.100154,0.503077,0.374216,0.473437,0.000000,0.387301,0.290008,0.170079,0.671854,0.429873,0.239742,0.211470,0.518932,0.646932,0.559677,0.790321,0.375246,0.130289,0.443056,0.197378,0.295807,0.197378,0.260323,0.372059,0.262394,0.504575,0.245259,0.142966,0.200308,0.378794,0.436524,0.325710,0.440512,0.571980,0.429873,0.340158,0.291983,0.429873,0.601880,0.178922,0.122630,1.121991,0.472621,0.350218,0.295584,0.518932,0.188310,0.400616,0.189398,0.250000,1.896587,1.730302,1.966993,1.693469,1.867933,1.593812,1.787898,1.364681,1.774078,1.514276,1.651961,1.604526,1.700290,1.721946,1.359349,1.760617,1.624501,1.429044,2.020754,1.494012,1.862054,1.560438,1.985733,1.662441,1.658880,1.753371,1.942370,2.047853,1.710793,1.340476,1.517083,1.459273,1.473995,1.950734,1.605390,1.673862,1.868305,1.889359,1.427964,1.592013,1.581213,1.673359,1.537273,1.425791,1.553956,1.413001,1.494216,1.609779,1.303853,1.507862,2.586349,2.083287,2.538695,2.160247,2.438621,2.819666,1.873538,2.551421,2.394719,2.775930,2.151433,2.218594,2.385074,2.175026,2.361397,2.350813,2.157279,2.878083,3.079441,2.081488,2.532288,2.052607,2.858715,2.066283,2.363493,2.411266,1.998755,1.951635,2.362908,2.308590,2.601445,2.783198,2.419538,1.926855,2.023587,2.846199,2.436699,2.118480,1.914361,2.373459,2.540414,2.433807,2.083287,2.549614,2.598608,2.421522,2.204099,2.203120,2.318032,1.962368,
0.420724,0.823274,0.733264,0.821187,0.387301,0.000000,0.623239,0.505339,1.020395,0.767269,0.245259,0.560043,0.863975,1.019718,0.335905,0.453856,0.135593,0.395190,0.204124,0.215088,0.448763,0.245259,0.586612,0.533593,0.563113,0.800506,0.473437,0.394754,0.473367,0.721415,0.764514,0.422146,0.327444,0.322035,0.767269,0.667956,0.400451,0.767269,0.957760,0.483490,0.431072,1.432867,0.833716,0.435225,0.198289,0.831202,0.252288,0.758899,0.251472,0.580949,1.690867,1.545991,1.776468,1.717916,1.737930,1.526907,1.591912,1.477778,1.633333,1.504311,1.782872,1.482607,1.725087,1.604465,1.297734,1.580564,1.521846,1.400450,1.986364,1.506617,1.697890,1.470334,1.904747,1.571668,1.530482,1.593449,1.801094,1.873254,1.595846,1.350443,1.553259,1.508385,1.431778,1.854579,1.517785,1.478382,1.685382,1.851477,1.341352,1.592032,1.568066,1.540963,1.508413,1.539912,1.514275,1.323974,1.415241,1.493741,1.386853,1.446525,2.384780,1.985003,2.342739,2.013288,2.262208,2.611944,1.874239,2.366694,2.274963,2.519851,1.954447,2.088150,2.198563,2.101911,2.235127,2.155247,1.989061,2.600461,2.901797,2.051754,2.319529,1.951172,2.668990,1.946223,2.148744,2.196831,1.871684,1.803197,2.214416,2.119936,2.421155,2.500417,2.268632,1.805245,1.940892,2.631883,2.224672,1.942548,1.771724,2.172313,2.343417,2.230288,1.985003,2.340761,2.381734,2.235775,2.103562,2.030117,2.109786,1.824589,
0.301743,0.381882,0.197377,0.265695,0.290008,0.623239,0.000000,0.239742,0.439206,0.345260,0.517807,0.154553,0.388890,0.420725,0.840229,1.037301,0.615820,0.290008,0.703498,0.435224,0.463483,0.384387,0.230451,0.349605,0.219130,0.414771,0.246827,0.355175,0.343592,0.205925,0.293916,0.453458,0.693048,0.837489,0.345260,0.297828,0.514818,0.345260,0.362699,0.291982,0.239742,0.918974,0.219584,0.351317,0.473226,0.351365,0.447003,0.186340,0.470987,0.251539,1.974132,1.769763,2.025551,1.600472,1.881720,1.556336,1.823155,1.215452,1.810883,1.417692,1.502506,1.591731,1.649850,1.720377,1.316381,1.816060,1.588721,1.400960,1.973424,1.426103,1.854788,1.554245,1.965227,1.660815,1.683581,1.794475,1.977994,2.079076,1.697890,1.290322,1.432050,1.375716,1.437152,1.921441,1.553359,1.697890,1.917022,1.860345,1.397100,1.511202,1.513648,1.680032,1.492708,1.282483,1.498084,1.395693,1.463695,1.620052,1.173998,1.468193,2.586796,2.033620,2.572361,2.157566,2.440676,2.871592,1.748047,2.597131,2.389720,2.830840,2.173023,2.205862,2.405529,2.105262,2.308691,2.356550,2.172427,2.968486,3.108743,2.023404,2.561824,1.993295,2.907026,2.049974,2.396399,2.471474,1.982669,1.943115,2.350958,2.365542,2.643081,2.889965,2.404984,1.927456,2.001542,2.897117,2.445706,2.134627,1.899185,2.404946,2.552080,2.458882,2.033620,2.574160,2.617984,2.430903,2.172896,2.211684,2.325177,1.941218,
0.105735,0.339628,0.245259,0.334489,0.170079,0.505339,0.239742,0.000000,0.534669,0.269316,0.334489,0.116167,0.362699,0.536355,0.676663,0.934589,0.505339,0.134627,0.523342,0.348054,0.232334,0.305556,0.325404,0.277718,0.175303,0.335053,0.170079,0.138889,0.116167,0.238128,0.275672,0.277778,0.599639,0.723017,0.269316,0.195243,0.297828,0.269316,0.476255,0.055555,0.135961,0.963836,0.378794,0.345261,0.400450,0.362699,0.339627,0.279839,0.300463,0.089965,1.854459,1.685383,1.917984,1.573500,1.795087,1.508542,1.751095,1.230562,1.705372,1.419332,1.505056,1.540264,1.572027,1.650376,1.277400,1.709053,1.558852,1.326289,1.911084,1.377675,1.818494,1.477132,1.893692,1.579422,1.587362,1.693406,1.871193,1.993295,1.640137,1.224648,1.393548,1.331245,1.376275,1.870630,1.538926,1.644366,1.817900,1.780042,1.356204,1.482607,1.477308,1.608990,1.433389,1.287257,1.459232,1.339582,1.415208,1.535976,1.177553,1.420669,2.555206,2.008477,2.490746,2.098719,2.389144,2.773675,1.778278,2.496321,2.314504,2.761648,2.112214,2.147430,2.335939,2.090783,2.301710,2.313981,2.102828,2.871592,3.017897,1.972281,2.496292,1.984808,2.803061,1.991988,2.330851,2.371982,1.929660,1.894914,2.300763,2.256264,2.542873,2.777726,2.358886,1.853225,1.936370,2.802694,2.411295,2.069727,1.857121,2.330540,2.499443,2.393412,2.008477,2.512951,2.568956,2.374594,2.121012,2.151433,2.292317,1.904761,
0.633430,0.290008,0.302368,0.203156,0.671854,1.020395,0.439206,0.534669,0.000000,0.336201,0.868467,0.477064,0.251538,0.165279,1.204081,1.453627,1.015880,0.638888,1.049472,0.849604,0.701851,0.790320,0.609105,0.578953,0.501719,0.350217,0.563113,0.669836,0.609214,0.308016,0.285931,0.714968,1.098009,1.243811,0.336201,0.422146,0.790320,0.336201,0.089964,0.570959,0.607622,0.511058,0.252288,0.690521,0.877633,0.251538,0.847544,0.273579,0.834023,0.471404,2.097685,1.890757,2.130268,1.496838,1.928300,1.572612,1.959026,1.053584,1.873707,1.394092,1.274679,1.666101,1.533504,1.772946,1.356792,1.922154,1.652054,1.383781,1.902149,1.355079,1.965472,1.586186,1.951041,1.686632,1.743914,1.880148,2.028072,2.165961,1.751575,1.239073,1.330957,1.264668,1.430156,1.937040,1.610428,1.851790,2.021254,1.799628,1.459232,1.449701,1.471254,1.753737,1.462419,1.104708,1.487747,1.457355,1.504252,1.675311,1.057834,1.485435,2.707472,2.052504,2.662857,2.217877,2.523982,2.963366,1.689690,2.670662,2.397135,2.995328,2.290572,2.239881,2.494654,2.090919,2.355017,2.471304,2.253323,3.151063,3.156283,1.947624,2.679307,2.027074,2.974199,2.080239,2.524965,2.586796,2.028073,2.020975,2.403219,2.452031,2.707400,3.076703,2.458922,1.966689,1.995364,2.994813,2.583781,2.229743,1.975652,2.510435,2.654922,2.567567,2.052504,2.688809,2.746291,2.522192,2.172897,2.297248,2.464683,2.013027,
0.362699,0.122630,0.175587,0.186338,0.429873,0.767269,0.345260,0.269316,0.336201,0.000000,0.578019,0.271441,0.105735,0.369379,0.910926,1.197348,0.767269,0.390364,0.755105,0.616767,0.388846,0.569953,0.486888,0.394754,0.301523,0.134627,0.359494,0.381881,0.313643,0.165480,0.105735,0.449623,0.849837,0.979532,0.000000,0.165279,0.483491,0.000000,0.309266,0.285990,0.382847,0.725397,0.309266,0.537548,0.658414,0.197378,0.600597,0.206919,0.553469,0.197377,1.928300,1.759741,1.980917,1.507892,1.821542,1.514667,1.836270,1.129196,1.738975,1.405126,1.365834,1.585682,1.488839,1.680031,1.298369,1.772004,1.597960,1.303993,1.865315,1.325729,1.890475,1.491686,1.882659,1.588677,1.619603,1.743250,1.897808,2.047526,1.672283,1.180373,1.324275,1.253017,1.365015,1.880503,1.574612,1.741448,1.880900,1.736597,1.391031,1.441976,1.446163,1.652053,1.407861,1.175728,1.449150,1.372022,1.436314,1.565335,1.102422,1.427171,2.638111,2.024929,2.550137,2.138057,2.446272,2.832581,1.749846,2.541656,2.319832,2.870158,2.189346,2.171370,2.395302,2.088568,2.339944,2.392027,2.154661,2.988257,3.050448,1.924762,2.574806,2.012220,2.845408,2.012796,2.415069,2.444079,1.960208,1.945941,2.338023,2.307994,2.583214,2.895509,2.398139,1.875573,1.929584,2.866931,2.504532,2.130714,1.907541,2.400025,2.570066,2.466759,2.024929,2.589768,2.656083,2.437450,2.124283,2.208421,2.385998,1.952372,
0.238128,0.646984,0.573971,0.668977,0.239742,0.245259,0.517807,0.334489,0.868467,0.578019,0.000000,0.418043,0.677852,0.859689,0.349606,0.629153,0.245259,0.252288,0.215089,0.204125,0.259030,0.235703,0.482911,0.453856,0.438174,0.625148,0.375246,0.200309,0.275672,0.570960,0.601881,0.300463,0.361111,0.421718,0.578019,0.483049,0.188310,0.578019,0.808404,0.300463,0.297828,1.273834,0.697746,0.435225,0.284404,0.677852,0.189397,0.610157,0.055555,0.402049,1.772119,1.640138,1.856451,1.709579,1.792721,1.569950,1.702614,1.437889,1.683285,1.539048,1.720584,1.558442,1.684114,1.665038,1.343063,1.654688,1.600132,1.401806,1.991941,1.495568,1.811054,1.507381,1.936999,1.607747,1.579321,1.658647,1.849001,1.957555,1.662334,1.331217,1.532015,1.475569,1.449190,1.912039,1.596270,1.602781,1.766887,1.848723,1.403456,1.600484,1.582466,1.611147,1.517330,1.492396,1.544266,1.378474,1.466353,1.543743,1.359715,1.485713,2.522229,2.059126,2.442099,2.098536,2.369850,2.707369,1.916728,2.446208,2.328961,2.666841,2.070336,2.160862,2.300155,2.164583,2.337139,2.281238,2.080881,2.743099,2.980982,2.062732,2.440811,2.037940,2.748157,2.012605,2.273030,2.297456,1.946580,1.896746,2.304282,2.196831,2.497097,2.635324,2.362319,1.864226,1.980692,2.732577,2.367539,2.043275,1.865619,2.280167,2.462589,2.344391,2.059126,2.462864,2.516611,2.344673,2.159765,2.129987,2.251733,1.919490,
0.198289,0.344666,0.202993,0.275672,0.211470,0.560043,0.154553,0.116167,0.477064,0.271441,0.418043,0.000000,0.350218,0.473227,0.759623,0.986596,0.568191,0.215088,0.607622,0.383382,0.335052,0.345260,0.285466,0.313642,0.101695,0.351365,0.200309,0.239742,0.232334,0.175683,0.250000,0.374216,0.630677,0.774774,0.271441,0.241886,0.410513,0.271441,0.413323,0.170078,0.191250,0.940927,0.295808,0.361112,0.420723,0.350218,0.372677,0.211471,0.375246,0.154553,1.904176,1.719856,1.961782,1.579136,1.830238,1.518772,1.779545,1.214111,1.745874,1.413341,1.494231,1.560439,1.597112,1.673169,1.292694,1.754305,1.564814,1.345938,1.935185,1.389389,1.831854,1.507900,1.918833,1.603225,1.625332,1.735512,1.913437,2.028832,1.660740,1.246480,1.401550,1.340476,1.396867,1.885066,1.536953,1.664916,1.858652,1.809942,1.366420,1.488587,1.480207,1.633065,1.452381,1.276384,1.467949,1.353641,1.428523,1.567328,1.173882,1.434734,2.568978,2.015814,2.524965,2.117637,2.409952,2.812569,1.759112,2.533526,2.341256,2.793937,2.139484,2.170359,2.366516,2.095436,2.308115,2.335276,2.128060,2.910904,3.054575,1.986557,2.526463,1.987183,2.843321,2.015903,2.357905,2.409975,1.951766,1.913599,2.320694,2.297173,2.582688,2.823946,2.378330,1.877684,1.950539,2.845383,2.427779,2.092409,1.873502,2.364286,2.525146,2.427705,2.015814,2.539591,2.593527,2.403546,2.142952,2.177685,2.307971,1.915721,
0.456435,0.100154,0.197377,0.165480,0.518932,0.863975,0.388890,0.362699,0.251538,0.105735,0.677852,0.350218,0.000000,0.295808,1.007287,1.294126,0.858638,0.478714,0.855900,0.707919,0.489396,0.657043,0.536354,0.460142,0.383123,0.154553,0.436525,0.480716,0.409193,0.205925,0.135961,0.534670,0.943827,1.076187,0.105735,0.227298,0.577009,0.105735,0.239742,0.383383,0.463556,0.630065,0.291983,0.603461,0.750633,0.166667,0.695531,0.216951,0.652329,0.285990,1.986600,1.811986,2.033914,1.506088,1.859446,1.543392,1.889658,1.109238,1.784270,1.415514,1.332682,1.623410,1.492708,1.718582,1.326890,1.824538,1.631847,1.330914,1.874773,1.335578,1.933012,1.525179,1.907042,1.625123,1.662365,1.791032,1.940183,2.093132,1.707859,1.195978,1.325729,1.253637,1.389102,1.908548,1.605149,1.795087,1.932257,1.751829,1.426612,1.449701,1.461783,1.694665,1.427172,1.153233,1.470007,1.411088,1.468957,1.605700,1.090871,1.454465,2.681125,2.047987,2.595652,2.176083,2.485784,2.881785,1.748930,2.588799,2.349341,2.926795,2.236025,2.202362,2.438027,2.102328,2.362867,2.434499,2.197851,3.054575,3.089322,1.933708,2.621960,2.034673,2.891056,2.042433,2.465594,2.498797,1.991988,1.983984,2.371220,2.359010,2.627270,2.964823,2.430515,1.912183,1.957889,2.914642,2.550720,2.176153,1.944157,2.446300,2.611849,2.510433,2.047987,2.636356,2.702105,2.476813,2.146458,2.249047,2.432223,1.988344,
0.623240,0.358325,0.297828,0.245056,0.646932,1.019718,0.420725,0.536355,0.165279,0.369379,0.859689,0.473227,0.295808,0.000000,1.181940,1.430712,1.001525,0.639736,1.057605,0.829541,0.729986,0.786572,0.534669,0.642269,0.518420,0.432327,0.594621,0.670031,0.615140,0.335905,0.346088,0.751967,1.052931,1.209021,0.369379,0.432558,0.793472,0.369379,0.120943,0.577903,0.597679,0.620482,0.205925,0.726075,0.882053,0.339530,0.823193,0.269893,0.821128,0.480647,2.222750,2.019494,2.261364,1.658648,2.071318,1.720776,2.085376,1.216459,2.011791,1.544993,1.438770,1.804305,1.692722,1.915668,1.498911,2.051755,1.791946,1.534154,2.061094,1.513456,2.097131,1.730366,2.104420,1.832289,1.882745,2.014371,2.168759,2.302895,1.894304,1.392993,1.492173,1.426090,1.580542,2.086990,1.750121,1.973307,2.152919,1.956070,1.598684,1.607621,1.627021,1.892420,1.616237,1.268927,1.639630,1.596715,1.648079,1.815989,1.216720,1.633065,2.838317,2.201249,2.800901,2.361223,2.663584,3.100791,1.841427,2.810484,2.548860,3.117437,2.422210,2.387596,2.632763,2.243494,2.496875,2.603268,2.392785,3.267783,3.302375,2.108389,2.811902,2.171548,3.115475,2.227848,2.655097,2.718341,2.173024,2.160148,2.548252,2.587766,2.848958,3.190485,2.603518,2.112347,2.147473,3.130774,2.710389,2.366358,2.114718,2.644961,2.790206,2.700560,2.201249,2.822307,2.876067,2.659044,2.325070,2.435652,2.590578,2.153049,
0.573971,0.974188,0.905014,1.008606,0.559677,0.335905,0.840229,0.676663,1.204081,0.910926,0.349606,0.759623,1.007287,1.181940,0.000000,0.390278,0.291983,0.579989,0.257946,0.443056,0.572809,0.501851,0.748433,0.763374,0.784186,0.954129,0.702633,0.543198,0.604737,0.914487,0.943148,0.580950,0.367888,0.245258,0.910926,0.801234,0.450042,0.910926,1.140409,0.641542,0.615821,1.592684,1.024954,0.707558,0.512929,1.007287,0.444295,0.945243,0.387301,0.736481,1.815635,1.726422,1.919031,1.943165,1.911335,1.759184,1.784990,1.725971,1.790654,1.767035,2.006894,1.704503,1.899389,1.809889,1.534529,1.728922,1.769680,1.607621,2.173559,1.724829,1.927314,1.664015,2.094370,1.769142,1.701748,1.751756,1.948813,2.041136,1.810415,1.554514,1.773371,1.722842,1.644916,2.072400,1.780114,1.695530,1.842214,2.025106,1.585389,1.825225,1.805549,1.746590,1.719432,1.776421,1.749406,1.557614,1.648584,1.683514,1.627434,1.676232,2.595874,2.219984,2.502268,2.218077,2.460680,2.748118,2.150899,2.510239,2.453928,2.673693,2.143234,2.285453,2.373755,2.339846,2.471616,2.355777,2.179022,2.719516,3.044868,2.257266,2.491449,2.198967,2.800037,2.145149,2.328978,2.339803,2.077592,2.018196,2.417169,2.256542,2.560477,2.597314,2.472557,1.999636,2.147915,2.762267,2.431650,2.139175,1.993439,2.338783,2.529478,2.397129,2.219984,2.520702,2.567256,2.417746,2.303453,2.221313,2.321397,2.055014,
0.838176,1.259988,1.158023,1.254929,0.790321,0.453856,1.037301,0.934589,1.453627,1.197348,0.629153,0.986596,1.294126,1.430712,0.390278,0.000000,0.453856,0.825654,0.511410,0.606676,0.868675,0.671855,0.935097,0.981290,0.995293,1.241480,0.920232,0.816969,0.894724,1.156533,1.205213,0.849836,0.449623,0.262775,1.197348,1.090575,0.779243,1.197348,1.383868,0.912871,0.851631,1.875763,1.246587,0.861778,0.616033,1.272480,0.624531,1.184223,0.646094,1.010168,1.841934,1.739453,1.945941,2.086990,1.979865,1.836971,1.768632,1.896738,1.865283,1.854839,2.204739,1.746833,2.087360,1.866279,1.623218,1.772875,1.799628,1.742647,2.304937,1.874083,1.903897,1.762908,2.187850,1.856953,1.782449,1.808851,2.024115,2.061796,1.861382,1.720360,1.933461,1.896388,1.765320,2.126957,1.806475,1.660243,1.870616,2.168524,1.644228,1.949352,1.916554,1.791429,1.848165,1.958581,1.846678,1.625806,1.721246,1.761548,1.793566,1.765521,2.518095,2.249835,2.489506,2.228531,2.435840,2.733322,2.216364,2.522152,2.510254,2.575436,2.112944,2.319477,2.362216,2.385867,2.459241,2.305964,2.181354,2.615668,3.056513,2.374196,2.445074,2.210654,2.810208,2.192606,2.276591,2.320015,2.113626,2.024836,2.422310,2.276012,2.581421,2.506108,2.471971,2.053872,2.219336,2.744832,2.348395,2.127089,2.000341,2.317924,2.488304,2.369435,2.249835,2.470839,2.497683,2.397876,2.363936,2.215746,2.241945,2.055187,
0.409653,0.817672,0.720618,0.821187,0.375246,0.135593,0.615820,0.505339,1.015880,0.767269,0.245259,0.568191,0.858638,1.001525,0.291983,0.453856,0.000000,0.383383,0.245055,0.215089,0.468800,0.245259,0.546031,0.550552,0.594867,0.806227,0.483048,0.394754,0.463555,0.727758,0.770503,0.422146,0.327445,0.307430,0.767269,0.646983,0.376796,0.767269,0.948114,0.483490,0.409192,1.426437,0.822616,0.445660,0.275844,0.825654,0.269893,0.752818,0.251472,0.572983,1.775725,1.632750,1.862362,1.783551,1.818069,1.614691,1.681771,1.532742,1.718358,1.575937,1.833709,1.564074,1.790459,1.693658,1.370095,1.662761,1.609906,1.483332,2.054611,1.578138,1.784991,1.546513,1.985098,1.662621,1.612381,1.675013,1.883428,1.957249,1.680032,1.416881,1.619891,1.573997,1.506856,1.941753,1.606067,1.568884,1.770503,1.922123,1.427668,1.662644,1.650885,1.630811,1.582759,1.592733,1.594125,1.414606,1.500370,1.577549,1.435706,1.526907,2.469990,2.066682,2.427531,2.104812,2.347951,2.700200,1.946421,2.458148,2.360242,2.602405,2.037352,2.170183,2.280655,2.177102,2.307971,2.234819,2.079441,2.690803,2.986107,2.128719,2.401315,2.029686,2.757087,2.024929,2.236783,2.289048,1.951041,1.887875,2.297943,2.211203,2.506962,2.588924,2.350233,1.894689,2.035673,2.711028,2.307827,2.034995,1.855361,2.253322,2.422500,2.303285,2.066682,2.425622,2.461453,2.310589,2.178697,2.112228,2.193106,1.913129,
0.083334,0.439206,0.346376,0.443131,0.130289,0.395190,0.290008,0.134627,0.638888,0.390364,0.252288,0.215088,0.478714,0.639736,0.579989,0.825654,0.383383,0.000000,0.428898,0.252288,0.228054,0.189398,0.330809,0.256705,0.265319,0.433865,0.146873,0.105736,0.130290,0.351317,0.387853,0.206920,0.531049,0.629766,0.390364,0.277718,0.239743,0.390364,0.577009,0.122630,0.065080,1.054637,0.470986,0.264920,0.313324,0.448764,0.272105,0.382890,0.219585,0.194445,1.807855,1.639630,1.875834,1.587645,1.766887,1.500038,1.702116,1.267961,1.677964,1.416331,1.553260,1.507327,1.593950,1.627969,1.256092,1.666042,1.534618,1.331784,1.910850,1.390767,1.775074,1.456074,1.883224,1.569326,1.559628,1.656055,1.844149,1.952965,1.613779,1.233143,1.412793,1.355659,1.369804,1.855038,1.518444,1.592117,1.775556,1.781312,1.335255,1.488308,1.486125,1.580887,1.432837,1.325967,1.454971,1.322162,1.398730,1.511387,1.197103,1.408376,2.502962,1.986597,2.446446,2.069770,2.347369,2.731259,1.781062,2.462784,2.296022,2.695833,2.060944,2.119340,2.290681,2.074060,2.264315,2.260455,2.067046,2.807788,2.983741,1.978089,2.442325,1.957555,2.767932,1.964442,2.278723,2.327573,1.898576,1.858062,2.266911,2.221032,2.507812,2.713288,2.322893,1.832439,1.933500,2.752482,2.353910,2.031464,1.820568,2.280277,2.447599,2.337092,1.986597,2.461538,2.510715,2.323963,2.099022,2.108266,2.235336,1.872633,
0.436919,0.811950,0.764181,0.851631,0.443056,0.204124,0.703498,0.523342,1.049472,0.755105,0.215089,0.607622,0.855900,1.057605,0.257946,0.511410,0.245055,0.428898,0.000000,0.340159,0.381881,0.359995,0.681531,0.559017,0.610452,0.777028,0.520038,0.388846,0.453385,0.752819,0.773545,0.387852,0.414771,0.375157,0.755105,0.660989,0.316505,0.755105,0.995680,0.483491,0.481788,1.423141,0.892712,0.526672,0.350218,0.839516,0.345261,0.800464,0.260515,0.584921,1.626674,1.517276,1.720871,1.696220,1.690670,1.513202,1.578771,1.480908,1.572683,1.521144,1.764602,1.474780,1.659429,1.576815,1.294161,1.525413,1.532456,1.358500,1.937996,1.475569,1.711469,1.430434,1.860483,1.529873,1.478163,1.540264,1.735644,1.834546,1.578344,1.308658,1.524681,1.474236,1.400724,1.835761,1.540492,1.487747,1.638018,1.790459,1.343076,1.577426,1.553234,1.516738,1.474265,1.532377,1.501996,1.313442,1.405393,1.452891,1.386853,1.432050,2.402188,1.987334,2.307896,1.995967,2.254007,2.562737,1.906080,2.312274,2.230781,2.511569,1.944949,2.063618,2.174212,2.105212,2.255745,2.160610,1.965647,2.571818,2.849473,2.014179,2.304511,1.970063,2.609347,1.921084,2.137944,2.152120,1.854288,1.798055,2.200785,2.060128,2.364073,2.457462,2.258406,1.770285,1.907206,2.584847,2.243322,1.926994,1.771723,2.146586,2.336492,2.211527,1.987334,2.329858,2.383677,2.222275,2.076984,2.014090,2.130530,1.829657,
0.265695,0.681824,0.557605,0.651446,0.197378,0.215088,0.435224,0.348054,0.849604,0.616767,0.204125,0.383382,0.707919,0.829541,0.443056,0.606676,0.215089,0.252288,0.340159,0.000000,0.387853,0.117851,0.374980,0.453856,0.405239,0.675000,0.349701,0.269316,0.349701,0.554505,0.613310,0.381881,0.305556,0.410594,0.616767,0.519974,0.351318,0.616767,0.779243,0.343592,0.264920,1.295456,0.642476,0.359493,0.159154,0.688020,0.089965,0.579011,0.161972,0.429873,1.838790,1.675050,1.915367,1.739112,1.844902,1.591912,1.722887,1.444313,1.748047,1.531509,1.747284,1.574695,1.756769,1.699438,1.356781,1.713787,1.598684,1.452094,2.045830,1.535283,1.805933,1.554257,1.986557,1.655976,1.636899,1.716262,1.917827,2.000829,1.687212,1.382399,1.569334,1.518859,1.488587,1.937296,1.583164,1.602781,1.818536,1.915144,1.411679,1.623460,1.605699,1.642451,1.559461,1.509361,1.565111,1.398480,1.485175,1.591003,1.369890,1.508902,2.511191,2.063617,2.480657,2.121573,2.383486,2.759031,1.892419,2.503266,2.377164,2.679829,2.085930,2.190651,2.329157,2.167788,2.323231,2.282252,2.109605,2.774980,3.035615,2.106043,2.460646,2.026549,2.809797,2.043423,2.289265,2.345320,1.970220,1.908911,2.323290,2.259169,2.556642,2.680610,2.377945,1.904761,2.020036,2.782108,2.355777,2.064688,1.873048,2.310422,2.474779,2.367969,2.063617,2.478790,2.520287,2.363357,2.191682,2.151613,2.238329,1.921900,
0.212283,0.445661,0.444295,0.514419,0.295807,0.448763,0.463483,0.232334,0.701851,0.388846,0.259030,0.335052,0.489396,0.729986,0.572809,0.868675,0.468800,0.228054,0.381881,0.387853,0.000000,0.350217,0.530673,0.311805,0.340158,0.402049,0.279838,0.154552,0.150624,0.424454,0.418043,0.179928,0.603460,0.676662,0.388846,0.325404,0.168571,0.388846,0.661920,0.179928,0.285757,1.056224,0.595655,0.410594,0.413839,0.489396,0.374216,0.485438,0.264920,0.258203,1.688812,1.552715,1.762734,1.513775,1.662365,1.420897,1.628570,1.228910,1.557152,1.381589,1.492396,1.442245,1.470859,1.535914,1.200441,1.556212,1.482552,1.223105,1.808877,1.301349,1.728294,1.359921,1.778422,1.459406,1.448903,1.547012,1.720239,1.856497,1.535977,1.135330,1.329204,1.265549,1.280730,1.772246,1.478383,1.540492,1.670899,1.663805,1.274996,1.419062,1.407006,1.492895,1.340203,1.276039,1.382421,1.245600,1.326594,1.410039,1.160593,1.334142,2.460738,1.930015,2.353091,1.987251,2.279030,2.621233,1.761548,2.344584,2.189410,2.631736,1.994890,2.035950,2.209591,2.022781,2.233573,2.210916,1.980314,2.719254,2.871727,1.880449,2.371344,1.920682,2.646782,1.882746,2.207724,2.220413,1.824717,1.793544,2.193938,2.098536,2.390849,2.613135,2.254816,1.732618,1.828511,2.651599,2.314927,1.951465,1.761898,2.199318,2.385999,2.268876,1.930015,2.392116,2.457786,2.258951,2.017625,2.035242,2.198441,1.815050,
0.238128,0.617698,0.505340,0.595767,0.197378,0.245259,0.384387,0.305556,0.790320,0.569953,0.235703,0.345260,0.657043,0.786572,0.501851,0.671855,0.245259,0.189398,0.359995,0.117851,0.350217,0.000000,0.374980,0.350217,0.369379,0.610157,0.258332,0.242162,0.307430,0.501917,0.553809,0.300463,0.420354,0.501917,0.569953,0.463484,0.330961,0.569953,0.723800,0.300463,0.205925,1.218098,0.597678,0.244522,0.159154,0.613310,0.189397,0.528865,0.200309,0.378318,1.777337,1.603022,1.848954,1.640481,1.764085,1.506750,1.652945,1.344717,1.675013,1.433128,1.649142,1.488549,1.667538,1.619939,1.261291,1.643458,1.513903,1.368381,1.952030,1.441983,1.727316,1.466910,1.900809,1.578689,1.558666,1.641815,1.843986,1.926565,1.602782,1.288809,1.473480,1.424485,1.397141,1.853017,1.497505,1.531890,1.748449,1.826046,1.325416,1.526456,1.516738,1.564495,1.467699,1.409434,1.473701,1.316634,1.398480,1.510394,1.264446,1.418767,2.438231,1.974185,2.409655,2.044903,2.306489,2.695372,1.794475,2.438626,2.296935,2.619549,2.011356,2.106619,2.253387,2.072807,2.231757,2.204870,2.035898,2.729563,2.963849,2.015048,2.389049,1.935404,2.744786,1.956618,2.221527,2.285334,1.883729,1.827125,2.241133,2.196831,2.487810,2.638835,2.294719,1.826595,1.942934,2.713876,2.283933,1.992805,1.789624,2.237122,2.397818,2.290452,1.974185,2.407733,2.447598,2.282642,2.101091,2.072705,2.165796,1.840692,
0.320140,0.544209,0.352901,0.449820,0.260323,0.586612,0.230451,0.325404,0.609105,0.486888,0.482911,0.285466,0.536354,0.534669,0.748433,0.935097,0.546031,0.330809,0.681531,0.374980,0.530673,0.374980,0.000000,0.508395,0.364966,0.583738,0.382499,0.383122,0.396578,0.394417,0.476785,0.530861,0.566034,0.719990,0.486888,0.406313,0.516997,0.486888,0.522195,0.365602,0.271318,1.092695,0.365785,0.456953,0.475176,0.536354,0.382499,0.359856,0.432327,0.360926,2.112344,1.921553,2.174330,1.816060,2.054624,1.750949,1.971978,1.442253,1.975943,1.624808,1.729101,1.766887,1.855984,1.899429,1.505319,1.965470,1.771975,1.598646,2.175428,1.636401,2.017372,1.735901,2.157229,1.845655,1.852544,1.952670,2.144193,2.238786,1.877890,1.493496,1.647237,1.591268,1.633333,2.111913,1.740341,1.844307,2.069165,2.057721,1.582150,1.721842,1.722568,1.853017,1.693375,1.508413,1.699439,1.579422,1.652479,1.795005,1.392686,1.662065,2.738763,2.223852,2.728541,2.332706,2.605665,3.022959,1.959132,2.756060,2.574234,2.957841,2.325282,2.386236,2.564701,2.302669,2.486288,2.509639,2.338567,3.083020,3.274598,2.231191,2.710106,2.179646,3.064947,2.231598,2.543404,2.616877,2.161398,2.114237,2.526435,2.518938,2.803558,2.998274,2.579478,2.107524,2.195535,3.044231,2.590820,2.297457,2.071717,2.556935,2.706902,2.607768,2.223852,2.725145,2.763254,2.588554,2.361726,2.375121,2.470839,2.116840,
0.317206,0.384302,0.370422,0.414770,0.372059,0.533593,0.349605,0.277718,0.578953,0.394754,0.453856,0.313642,0.460142,0.642269,0.763374,0.981290,0.550552,0.256705,0.559017,0.453856,0.311805,0.350217,0.508395,0.000000,0.319090,0.359494,0.134627,0.312987,0.287876,0.346376,0.345260,0.215089,0.750492,0.827481,0.394754,0.318211,0.397550,0.394754,0.542789,0.272104,0.277538,0.922886,0.488941,0.197377,0.430293,0.358325,0.487094,0.396165,0.436524,0.275551,1.648584,1.457356,1.702615,1.340203,1.561853,1.276737,1.522796,1.021091,1.488755,1.171217,1.312485,1.293314,1.368123,1.420014,1.023494,1.489326,1.317193,1.112081,1.676028,1.152288,1.575554,1.238777,1.661327,1.362614,1.361598,1.468719,1.652988,1.761814,1.398731,0.998653,1.169887,1.115855,1.139156,1.633595,1.298312,1.413547,1.595786,1.555964,1.116237,1.243440,1.252050,1.378417,1.199859,1.079496,1.220570,1.109988,1.176797,1.306063,0.942678,1.179426,2.312337,1.758039,2.258728,1.864656,2.146163,2.555048,1.535474,2.282551,2.083221,2.534963,1.871560,1.903141,2.095603,1.835598,2.039643,2.065860,1.870921,2.672024,2.789956,1.742437,2.257321,1.729146,2.587522,1.744916,2.099156,2.160173,1.680762,1.649675,2.054451,2.048297,2.322087,2.587318,2.109487,1.625071,1.720231,2.573629,2.169357,1.839101,1.609470,2.092527,2.252248,2.146190,1.758039,2.275066,2.325178,2.123739,1.871194,1.907244,2.050247,1.661926,
0.251892,0.378055,0.268760,0.305338,0.262394,0.563113,0.219130,0.175303,0.501719,0.301523,0.438174,0.101695,0.383123,0.518420,0.784186,0.995293,0.594867,0.265319,0.610452,0.405239,0.340158,0.369379,0.364966,0.319090,0.000000,0.365786,0.224645,0.273336,0.279482,0.202993,0.269893,0.396578,0.644197,0.790193,0.301523,0.310530,0.446706,0.301523,0.449290,0.214856,0.260004,0.957271,0.344279,0.375158,0.408248,0.383124,0.386303,0.262395,0.397550,0.219129,1.849999,1.663822,1.905625,1.529229,1.775747,1.455014,1.721450,1.169273,1.688662,1.359890,1.453297,1.505341,1.547785,1.611244,1.242380,1.701435,1.503011,1.284339,1.885561,1.334979,1.773529,1.455553,1.861382,1.538486,1.570316,1.682051,1.857675,1.972837,1.602640,1.197104,1.350186,1.289353,1.342759,1.822774,1.473982,1.606967,1.803108,1.758745,1.305788,1.435536,1.417148,1.571753,1.397956,1.233812,1.409240,1.289739,1.368123,1.510201,1.136582,1.377113,2.511300,1.957687,2.467656,2.054007,2.351306,2.752482,1.704369,2.470840,2.280844,2.739739,2.084808,2.113220,2.311245,2.041269,2.257527,2.282270,2.066420,2.851680,2.995891,1.929336,2.471979,1.931765,2.782659,1.961297,2.299430,2.348396,1.897131,1.855985,2.262782,2.235570,2.523958,2.766600,2.321856,1.815139,1.881266,2.792184,2.372481,2.029687,1.816514,2.310454,2.472028,2.379660,1.957687,2.482619,2.540481,2.353545,2.090016,2.122369,2.252793,1.854459,
0.425787,0.087652,0.256705,0.239742,0.504575,0.800506,0.414771,0.335053,0.350217,0.134627,0.625148,0.351365,0.154553,0.432327,0.954129,1.241480,0.806227,0.433865,0.777028,0.675000,0.402049,0.610157,0.583738,0.359494,0.365786,0.000000,0.372679,0.432558,0.357846,0.235703,0.138889,0.435225,0.927749,1.040076,0.134627,0.214857,0.510993,0.134627,0.348501,0.339628,0.436919,0.659336,0.386304,0.533594,0.696887,0.154553,0.668978,0.285932,0.607623,0.259030,1.834837,1.665148,1.883114,1.385494,1.711730,1.409142,1.746281,1.014702,1.634482,1.297196,1.246480,1.483375,1.363601,1.576287,1.190786,1.673263,1.500371,1.192753,1.740370,1.206272,1.797841,1.379634,1.766407,1.483226,1.513225,1.640431,1.790098,1.944949,1.567032,1.059063,1.202424,1.130644,1.249939,1.771974,1.479657,1.657484,1.782361,1.613397,1.292120,1.323982,1.335517,1.551658,1.290335,1.056793,1.338162,1.273761,1.332383,1.459232,0.982049,1.318133,2.546049,1.916929,2.448006,2.035898,2.345043,2.732417,1.644867,2.440449,2.206891,2.782868,2.092812,2.060945,2.292318,1.975651,2.234740,2.295284,2.054263,2.908783,2.941329,1.804176,2.477116,1.907945,2.741637,1.900855,2.322294,2.350326,1.851128,1.844614,2.231191,2.209512,2.477784,2.817381,2.291080,1.769360,1.822943,2.763949,2.415032,2.034069,1.806404,2.299430,2.469531,2.364589,1.916929,2.492981,2.561194,2.333174,2.007614,2.105628,2.297248,1.853488,
0.205925,0.382848,0.306065,0.375246,0.245259,0.473437,0.246827,0.170079,0.563113,0.359494,0.375246,0.200309,0.436525,0.594621,0.702633,0.920232,0.483048,0.146873,0.520038,0.349701,0.279838,0.258332,0.382499,0.134627,0.224645,0.372679,0.000000,0.219584,0.211471,0.288676,0.320349,0.224793,0.645192,0.744297,0.359494,0.271921,0.349607,0.359494,0.510237,0.178923,0.155662,0.966812,0.420724,0.186339,0.352901,0.367421,0.376796,0.330960,0.345261,0.198290,1.749591,1.561853,1.807855,1.463495,1.678960,1.389289,1.622599,1.131203,1.600131,1.286445,1.423354,1.406477,1.490141,1.531598,1.143180,1.596812,1.424391,1.227189,1.803084,1.273483,1.677964,1.359351,1.782063,1.473832,1.476055,1.580054,1.766669,1.872178,1.512918,1.122721,1.291528,1.236267,1.261001,1.748302,1.402555,1.508321,1.702655,1.680855,1.225931,1.365298,1.366360,1.487682,1.322232,1.192630,1.338162,1.218022,1.290013,1.420650,1.063525,1.296888,2.411575,1.872952,2.367244,1.973545,2.254453,2.660303,1.644867,2.388680,2.200589,2.628882,1.976775,2.020106,2.205863,1.954447,2.152429,2.170892,1.978495,2.756793,2.903308,1.864745,2.362318,1.841264,2.695658,1.863963,2.199430,2.259948,1.797840,1.759842,2.168049,2.152195,2.432528,2.670595,2.223396,1.737677,1.830546,2.682344,2.266701,1.943277,1.719750,2.200667,2.360255,2.256386,1.872952,2.378949,2.427560,2.235902,1.993730,2.018058,2.147249,1.769142,
0.065082,0.450043,0.379812,0.471404,0.142966,0.394754,0.355175,0.138889,0.669836,0.381881,0.200309,0.239742,0.480716,0.670031,0.543198,0.816969,0.394754,0.105736,0.388846,0.269316,0.154552,0.242162,0.383122,0.312987,0.273336,0.432558,0.219584,0.000000,0.089964,0.375246,0.402048,0.216951,0.506897,0.607622,0.381881,0.291869,0.179929,0.381881,0.612975,0.100154,0.154553,1.078321,0.514419,0.352996,0.334290,0.480716,0.258332,0.418043,0.175683,0.203157,1.799770,1.647648,1.872178,1.608179,1.771941,1.513903,1.714356,1.298001,1.673170,1.451318,1.574461,1.528446,1.591782,1.636054,1.283126,1.664915,1.559100,1.332962,1.920950,1.402927,1.800799,1.465858,1.889409,1.568883,1.560645,1.656785,1.838958,1.959131,1.629518,1.242475,1.427735,1.366990,1.382707,1.868773,1.547176,1.612381,1.776468,1.783290,1.356488,1.510193,1.500370,1.589934,1.444382,1.352441,1.473701,1.335255,1.416026,1.516512,1.232305,1.426360,2.530170,2.012890,2.453447,2.081553,2.365940,2.728943,1.821787,2.456910,2.300292,2.710462,2.079262,2.134274,2.304177,2.104577,2.302548,2.286643,2.076427,2.806500,2.984086,1.988063,2.458450,1.991987,2.761601,1.980918,2.292634,2.324169,1.917828,1.878761,2.285453,2.212231,2.504502,2.705822,2.343956,1.837545,1.934975,2.756194,2.381836,2.042520,1.843986,2.292990,2.469473,2.356865,2.012890,2.477856,2.534331,2.345989,2.117188,2.125636,2.264036,1.895218,
0.100154,0.372679,0.325711,0.418043,0.200308,0.473367,0.343592,0.116167,0.609214,0.313643,0.275672,0.232334,0.409193,0.615140,0.604737,0.894724,0.463555,0.130290,0.453385,0.349701,0.150624,0.307430,0.396578,0.287876,0.279482,0.357846,0.211471,0.089964,0.000000,0.330961,0.341291,0.203157,0.590230,0.687184,0.313643,0.211471,0.189397,0.313643,0.556589,0.065082,0.165480,0.999803,0.475875,0.367421,0.413162,0.409193,0.344665,0.372678,0.258332,0.138889,1.810840,1.658348,1.880354,1.576427,1.766887,1.507223,1.729993,1.257574,1.671976,1.434735,1.524682,1.528676,1.555238,1.635535,1.272570,1.670668,1.561534,1.316634,1.893815,1.375706,1.812498,1.455014,1.875423,1.563908,1.557152,1.658384,1.835342,1.963997,1.627586,1.213591,1.395207,1.332119,1.365291,1.863339,1.549629,1.631847,1.783794,1.757327,1.355899,1.485714,1.483527,1.593043,1.423654,1.308393,1.459736,1.335518,1.411361,1.512918,1.192583,1.416026,2.546664,2.007846,2.461539,2.086109,2.373846,2.739158,1.804733,2.464037,2.293332,2.733918,2.091051,2.130597,2.310803,2.092579,2.301159,2.298368,2.083777,2.836496,2.985292,1.964783,2.471220,1.989227,2.767096,1.974628,2.309331,2.339147,1.914361,1.883224,2.286569,2.220685,2.507812,2.735662,2.345043,1.835805,1.929106,2.764231,2.400328,2.053376,1.847912,2.302167,2.478924,2.364336,2.007846,2.491449,2.549446,2.351032,2.105262,2.131199,2.282475,1.900851,
