D = 13
N = 178
lambda = 30
r = 1000
seed = 1404274394
0, 0
1:0.68421 2:-0.616601 3:0.144385 4:-0.484536 5:0.23913 6:0.255172 7:0.147679 8:-0.433962 9:0.18612 10:-0.255973 11:-0.089431 12:0.941392 13:0.122682 