0.000000,44.236079,62.062937,50.447148,63.109884,68.100558,48.146478,60.180893,60.955702,66.906440,76.272425,49.327324,55.135099,51.898921,55.569305,64.299129,57.137491,61.220268,53.225230,71.984671,41.968381,46.191483,74.945729,65.335389,56.277748,54.140142,53.178558,50.149144,54.028369,53.136150,55.779858,75.167535,66.653991,55.685173,47.187065,72.891333,63.093793,73.901025,70.110313,53.389012,59.715061,60.131341,65.994773,71.131848,56.973877,68.345855,73.411618,71.909788,60.484960,61.195735,61.163054,61.019102,55.327336,65.671010,65.419079,70.207449,72.685955,50.794514,60.467589,63.233053,61.764148,59.995557,
44.236079,0.000000,67.732645,50.880908,64.569252,70.877979,52.867819,66.111217,68.699984,60.466308,77.908173,39.009047,57.301232,52.011247,61.607611,63.544526,66.550218,62.657651,64.639094,73.267365,45.705591,40.359093,78.915138,64.457483,59.413062,48.847772,43.580778,50.809158,49.092377,50.061329,53.776147,70.884853,67.176885,55.370983,47.649099,72.715948,61.572773,73.738555,63.951149,53.949561,54.389488,58.777919,54.702541,70.072910,44.763305,70.430190,71.491710,54.832135,50.181162,57.910180,65.352468,67.891011,57.129462,63.525188,63.589583,63.840668,71.440637,52.020061,61.225459,44.096161,60.668729,54.733787,
62.062937,67.732645,0.000000,50.775024,75.388709,76.199525,62.680004,67.847907,81.774225,74.933650,92.669443,64.667505,71.204021,67.137203,67.323848,76.878656,77.334821,83.466346,76.881005,83.516475,69.816149,62.549556,89.063030,77.603966,75.960587,73.061358,72.972609,73.796725,68.984504,73.170778,61.530886,90.882475,87.972333,72.150107,73.687899,93.546258,67.613599,96.686822,81.593027,77.886918,75.023563,80.238542,82.571934,93.584740,72.628267,91.198912,90.815696,80.122174,74.119054,72.442846,78.155407,86.591941,75.243235,75.908274,73.575698,84.547204,66.587744,70.781119,80.950965,76.509032,77.525029,76.103252,
50.447148,50.880908,50.775024,0.000000,71.111021,73.187180,53.737195,63.649965,66.692314,73.399908,95.772578,49.501218,63.615295,54.189228,57.454483,60.465704,70.191064,70.548280,62.437042,82.696545,56.416886,55.897625,83.863796,70.700122,62.696315,62.927694,61.163759,58.643415,63.059142,64.979521,55.995511,90.362552,80.533190,63.295252,57.717745,82.641723,66.545157,84.944659,70.044370,64.937021,54.595606,68.884415,72.004167,85.639660,61.365835,82.713317,82.270120,71.011976,68.343765,66.045520,72.035549,73.854863,59.428691,62.580232,74.697612,76.158168,67.425736,57.221146,68.544805,65.383631,69.116869,66.717444,
63.109884,64.569252,75.388709,71.111021,0.000000,43.822357,59.648806,57.528120,69.695560,44.554698,64.381256,61.680973,46.915679,54.822026,47.590807,61.611215,61.597598,66.777744,53.794284,49.879898,63.846779,62.498864,49.607763,52.003599,48.806759,59.609841,56.810856,54.739543,65.743293,58.873794,56.860971,61.429999,54.634056,47.797461,60.706462,52.946909,63.591967,52.907937,55.815567,62.497334,66.407298,60.620247,65.241497,65.886653,59.542818,60.581656,54.364766,59.892194,67.069509,59.585107,62.309322,58.188064,56.691865,59.590972,61.492634,57.744322,66.997095,67.374964,56.196834,70.056144,62.292202,57.802544,
68.100558,70.877979,76.199525,73.187180,43.822357,0.000000,66.055346,48.340390,72.684584,43.909333,70.440197,63.636393,55.807738,54.704344,52.753065,67.336227,65.007588,63.260780,58.594593,38.746391,72.871172,65.901546,56.323973,52.445743,56.191433,74.765272,70.834513,70.158324,77.936745,69.773160,64.759758,66.581222,60.723691,60.302951,70.296765,64.626607,72.780049,65.112306,60.166488,73.931801,77.255521,56.597790,66.765973,73.154538,65.669179,66.395137,64.438616,65.996049,71.416466,60.831658,69.868031,63.127852,65.718616,59.315619,69.862651,57.385394,70.642852,78.487046,67.673093,77.157374,72.506106,58.954473,
48.146478,52.867819,62.680004,53.737195,59.648806,66.055346,0.000000,54.445616,63.437104,61.725948,67.883143,49.699090,54.266713,56.391402,56.257335,64.061482,59.981489,61.790079,54.741452,66.382395,47.711897,56.604420,72.892518,62.503327,55.544091,51.408666,50.242340,53.224730,53.630949,45.995440,56.960037,66.825826,57.062177,54.867836,50.367355,67.519859,58.395077,69.991316,76.501430,57.973285,64.726205,63.851909,66.883747,64.684588,60.583541,65.493257,70.531693,70.856757,63.182306,66.805950,63.194567,64.169569,59.309564,72.574897,64.243384,70.754202,75.297717,56.544183,63.045420,65.431962,57.839359,62.604275,
60.180893,66.111217,67.847907,63.649965,57.528120,48.340390,54.445616,0.000000,72.439826,53.314421,73.228908,59.513037,55.836651,50.722410,51.179441,67.334737,62.833258,57.632412,58.930740,49.726316,65.489844,59.599251,65.659544,57.480047,58.509389,71.706195,68.728622,69.000947,74.272498,65.000238,62.004171,67.946995,63.840128,61.963281,63.087638,69.818519,73.378495,71.686341,68.939132,70.650585,75.295704,57.863966,64.663289,70.540624,63.893791,65.991265,68.898479,70.156896,69.574403,61.138877,68.985963,64.319679,64.773745,62.433615,68.451294,63.797862,73.510848,74.050016,67.406345,73.246794,68.846568,58.611712,
60.955702,68.699984,81.774225,66.692314,69.695560,72.684584,63.437104,72.439826,0.000000,79.714678,87.851493,60.795673,70.609479,69.594031,65.575398,65.172625,64.450368,70.214471,45.449209,79.913661,67.134052,80.905810,74.437984,77.963980,60.790941,70.090482,72.977281,62.321325,75.910980,68.588020,68.665962,82.482470,73.824212,63.560315,59.658830,67.724695,74.703459,69.944027,80.055571,67.849532,64.863572,73.147633,77.440990,76.067519,79.841202,73.402144,73.778767,85.614424,86.727387,75.692640,80.731224,64.099372,65.422081,75.354224,78.820601,76.924239,76.739678,66.242572,70.237637,86.007366,71.314220,71.944935,
66.906440,60.466308,74.933650,73.399908,44.554698,43.909333,61.725948,53.314421,79.714678,0.000000,60.776518,59.558642,53.460029,53.128640,55.852156,68.363670,69.103147,64.494322,68.158049,41.285036,63.615264,50.812518,59.045073,47.506299,57.406816,64.039969,56.425966,64.623911,63.660144,58.979121,60.139589,60.196469,56.420175,57.570540,65.734041,66.487737,62.634853,65.036142,56.798367,70.802455,76.114019,59.878907,62.022428,69.435713,52.831913,67.559081,61.736790,52.539265,58.917035,59.224938,65.271670,68.329269,66.222834,63.039301,63.803510,56.686594,72.126209,75.664872,66.681087,61.850489,69.127454,56.475534,
76.272425,77.908173,92.669443,95.772578,64.381256,70.440197,67.883143,73.228908,87.851493,60.776518,0.000000,73.981699,69.284332,77.570549,79.006987,91.187316,68.744645,71.811906,76.772183,56.702855,73.167372,74.948838,71.906924,70.737298,73.395178,68.895184,69.382568,76.895168,73.671648,63.416284,81.077357,46.675606,49.156621,71.572634,72.638323,69.107087,77.362958,70.102674,89.665179,71.823988,94.804176,72.661552,70.100735,55.360740,73.644207,58.674789,69.398362,78.750701,68.059873,76.461241,74.353790,72.853529,83.058538,92.845113,65.793864,73.215863,94.661502,82.661435,76.558266,77.660941,71.718772,69.881634,
49.327324,39.009047,64.667505,49.501218,61.680973,63.636393,49.699090,59.513037,60.795673,59.558642,73.981699,0.000000,60.269240,53.054553,60.222844,64.102383,58.165771,58.103691,56.628058,69.030808,54.556108,52.442211,73.792270,62.951761,57.416006,54.388023,51.224621,56.168746,59.316450,53.240819,53.591955,67.798481,63.846576,55.844556,48.923533,68.991266,66.476282,73.012713,66.344938,54.640140,56.203902,55.496079,55.696741,68.266619,50.710382,66.208116,71.549836,61.658779,55.117734,55.787128,69.997879,64.507314,57.036683,64.704811,61.326008,61.468957,66.879630,53.662434,62.283660,56.039803,57.081316,49.186269,
55.135099,57.301232,71.204021,63.615295,46.915679,55.807738,54.266713,55.836651,70.609479,53.460029,69.284332,60.269240,0.000000,40.006417,46.033380,59.085965,55.099651,59.553862,54.163919,56.570251,55.436646,54.343096,58.638333,53.224801,47.738948,54.707321,51.525570,52.110230,60.064922,54.552049,54.358076,61.934801,54.918482,46.395368,53.210713,57.210871,66.592204,57.834651,60.570904,55.370506,63.519641,56.087012,63.042829,63.875707,55.804871,59.991791,60.219549,63.393071,62.483001,53.468502,57.934600,54.447798,52.874763,56.916204,61.369744,57.617933,71.791306,60.966780,53.084745,65.583353,59.890862,56.638679,
51.898921,52.011247,67.137203,54.189228,54.822026,54.704344,56.391402,50.722410,69.594031,53.128640,77.570549,53.054553,40.006417,0.000000,43.855975,50.432886,56.699784,53.757309,56.357653,57.463160,54.478999,48.632373,61.634163,50.871871,47.472417,61.232852,56.248073,55.354393,64.532415,59.031237,55.213504,70.883847,61.434178,54.191665,53.252657,65.075263,70.234193,64.315433,56.801586,58.772740,62.130290,56.020782,60.572286,69.572857,53.269697,65.740949,64.815988,64.695873,62.234904,49.607701,60.686400,58.211395,52.816383,53.557916,67.061012,58.664427,69.835084,61.992809,55.321163,63.034818,63.243388,54.039542,
55.569305,61.607611,67.323848,57.454483,47.590807,52.753065,56.257335,51.179441,65.575398,55.852156,79.006987,60.222844,46.033380,43.855975,0.000000,51.198602,60.851740,65.882997,51.938428,60.994158,56.541825,58.027598,56.572054,56.579547,45.175254,61.921230,59.502816,54.296290,68.369245,62.119485,51.100142,71.279716,61.282351,50.838105,54.870929,58.306098,69.591095,58.199627,54.210657,60.820141,57.690910,59.462960,65.026930,69.922450,59.238123,63.118269,58.831484,65.064926,68.855223,54.544586,57.586814,52.793622,47.823372,50.521278,64.466519,60.045416,63.216749,62.521298,53.296084,69.726828,60.783046,55.709937,
64.299129,63.544526,76.878656,60.465704,61.611215,67.336227,64.061482,67.334737,65.172625,68.363670,91.187316,64.102383,59.085965,50.432886,51.198602,0.000000,69.843177,71.575184,59.840904,74.494930,64.687688,68.596520,65.360928,63.112238,52.734958,67.697733,64.220721,57.089948,70.918016,67.531868,63.969097,85.226664,72.396897,60.954438,63.273502,69.011839,73.425548,64.508937,60.947931,66.573476,62.704150,73.206812,74.482867,80.486297,66.405356,77.693715,67.177009,73.247448,79.331239,66.280317,70.547646,65.786024,58.681108,62.137447,80.078207,71.974956,71.964364,67.188627,60.147600,75.445910,72.066365,68.075538,
57.137491,66.550218,77.334821,70.191064,61.597598,65.007588,59.981489,62.833258,64.450368,69.103147,68.744645,58.165771,55.099651,56.699784,60.851740,69.843177,0.000000,46.621193,51.318132,63.927681,63.482932,68.771512,58.573226,60.120374,56.719993,65.896968,65.293783,63.286199,73.158981,60.514434,62.855868,60.402232,58.863973,59.264685,56.084381,61.134023,81.108382,66.146588,76.052268,57.514736,71.169427,61.772274,66.520071,60.598267,68.383700,57.841890,69.897652,81.092833,71.477332,60.009193,68.914402,55.063883,61.971377,74.219831,65.820708,67.825773,78.305887,65.847036,60.844538,78.014810,61.083173,58.288728,
61.220268,62.657651,83.466346,70.548280,66.777744,63.260780,61.790079,57.632412,70.214471,64.494322,71.811906,58.103691,59.553862,53.757309,65.882997,71.575184,46.621193,0.000000,55.738565,58.145940,64.248315,64.795829,66.586834,51.830717,59.287218,72.256873,68.656239,69.451522,77.892428,66.073379,72.152985,64.644780,61.092958,65.408954,60.133272,67.377471,82.461559,70.933372,75.488673,65.847984,75.345046,53.537276,62.126860,61.781984,65.430029,61.644092,71.575087,75.858448,69.057725,64.396574,71.150210,60.620911,66.327111,72.792982,73.417738,66.207001,85.438478,71.268047,66.689385,73.778567,67.789343,59.361860,
53.225230,64.639094,76.881005,62.437042,53.794284,58.594593,54.741452,58.930740,45.449209,68.158049,76.772183,56.628058,54.163919,56.357653,51.938428,59.840904,51.318132,55.738565,0.000000,64.711578,60.192800,72.463287,61.465889,63.319518,47.353468,63.283596,65.401904,53.980819,72.035746,62.580190,62.270037,71.142225,61.469215,52.329244,52.055343,56.535686,72.664766,58.921293,69.111390,57.632435,59.132794,58.651463,68.343052,65.515575,69.847493,59.803675,63.329069,77.008395,76.255878,63.809863,68.447111,50.006495,53.414798,64.587075,69.128940,65.517911,72.902584,58.871820,56.588729,78.657069,61.876050,61.648748,
71.984671,73.267365,83.516475,82.696545,49.879898,38.746391,66.382395,49.726316,79.913661,41.285036,56.702855,69.030808,56.570251,57.463160,60.994158,74.494930,63.927681,58.145940,64.711578,0.000000,74.178406,66.610813,59.052000,51.285979,62.402753,76.122600,71.545264,75.869217,78.646144,68.678393,72.359323,56.161287,54.544197,65.960941,72.764600,66.580408,76.060820,66.423928,69.697755,76.258505,88.255390,59.294191,65.243310,65.556560,68.263673,63.023618,65.877241,69.305211,69.500833,65.540236,70.740532,66.548496,73.611509,71.404787,70.187755,59.692088,82.246410,84.481426,71.907464,77.434806,74.964169,61.666550,
41.968381,45.705591,69.816149,56.416886,63.846779,72.871172,47.711897,65.489844,67.134052,63.615264,73.167372,54.556108,55.436646,54.478999,56.541825,64.687688,63.482932,64.248315,60.192800,74.178406,0.000000,45.121674,73.633806,63.877689,54.531528,47.136585,46.316291,48.130532,48.826165,46.085618,55.326841,72.463293,61.885203,53.789857,45.419089,68.247873,61.259615,67.945238,71.253961,56.922191,60.758017,64.869673,64.885125,66.540542,54.423023,66.074182,66.199619,66.613056,60.142718,65.688491,59.572061,64.180286,57.379145,69.099590,65.010699,71.069722,78.521921,54.166942,59.988160,58.382922,59.091078,63.025819,
46.191483,40.359093,62.549556,55.897625,62.498864,65.901546,56.604420,59.599251,80.905810,50.812518,74.948838,52.442211,54.343096,48.632373,58.027598,68.596520,68.771512,64.795829,72.463287,66.610813,45.121674,0.000000,76.242688,59.269827,62.142046,55.343239,48.401881,59.414776,50.912359,53.885494,54.445257,72.119835,69.302898,60.473288,56.120582,78.288601,61.523084,78.718190,63.208356,63.223206,67.531477,61.067856,61.777191,75.546507,44.923660,74.452396,73.274931,56.873178,49.672954,59.171630,61.551905,72.218872,63.028297,61.552169,64.380606,66.447126,73.432289,63.298591,66.626854,49.568080,65.843312,57.451192,
74.945729,78.915138,89.063030,83.863796,49.607763,56.323973,72.892518,65.659544,74.437984,59.045073,71.906924,73.792270,58.638333,61.634163,56.572054,65.360928,58.573226,66.586834,61.465889,59.052000,73.633806,76.242688,0.000000,54.610132,54.144932,71.024093,69.441790,65.206092,80.297756,67.809924,66.948266,68.121049,60.133401,60.040449,67.710599,52.326958,81.637481,52.543985,62.012317,68.247823,74.573893,68.720852,72.698786,67.803821,70.367771,60.904917,55.836197,73.608528,80.266877,65.481498,68.262444,57.273674,63.563334,66.516435,69.087577,64.835598,75.280724,77.535330,59.026724,82.703355,64.683421,63.623361,
65.335389,64.457483,77.603966,70.700122,52.003599,52.445743,62.503327,57.480047,77.963980,47.506299,70.737298,62.951761,53.224801,50.871871,56.579547,63.112238,60.120374,51.830717,63.319518,51.285979,63.877689,59.269827,54.610132,0.000000,57.643528,67.180674,62.038275,65.380592,70.739119,64.182140,65.690240,68.114085,61.305827,60.029510,65.250595,66.600887,71.993368,65.539135,62.475674,69.539147,74.827148,61.573206,68.566104,70.771785,59.982179,68.455766,66.460141,65.300491,66.886476,63.125556,66.832818,65.642800,64.383279,66.031388,71.718929,63.275351,77.545984,74.016920,65.439474,70.485629,70.194020,61.698057,
56.277748,59.413062,75.960587,62.696315,48.806759,56.191433,55.544091,58.509389,60.790941,57.406816,73.395178,57.416006,47.738948,47.472417,45.175254,52.734958,56.719993,59.287218,47.353468,62.402753,54.531528,62.142046,54.144932,57.643528,0.000000,53.899791,51.875568,44.299146,62.543500,53.717408,53.605728,64.712973,50.124293,41.856944,48.538194,49.259920,64.125814,47.144584,55.521991,53.552525,55.030992,55.086655,61.014694,61.053389,54.867476,54.626704,48.773646,62.450373,68.334040,55.740518,58.269158,47.868910,46.794769,54.414221,63.805451,56.754937,67.133930,55.511678,48.035052,68.038506,56.842040,55.014436,
54.140142,48.847772,73.061358,62.927694,59.609841,74.765272,51.408666,71.706195,70.090482,64.039969,68.895184,54.388023,54.707321,61.232852,61.921230,67.697733,65.896968,72.256873,63.283596,76.122600,47.136585,55.343239,71.024093,67.180674,53.899791,0.000000,31.460983,41.091427,37.937090,39.047908,51.601215,63.396335,56.747882,47.141200,42.639227,61.118445,54.747687,60.360280,68.765195,49.751132,56.059735,66.201875,63.866016,63.943399,49.637740,61.375616,62.385402,58.153749,58.171655,64.521215,61.757896,64.517538,55.897229,69.898355,56.727278,66.896387,73.093455,48.389117,57.117193,53.665989,52.636762,61.607564,
53.178558,43.580778,72.972609,61.163759,56.810856,70.834513,50.242340,68.728622,72.977281,56.425966,69.382568,51.224621,51.525570,56.248073,59.502816,64.220721,65.293783,68.656239,65.401904,71.545264,46.316291,48.401881,69.441790,62.038275,51.875568,31.460983,0.000000,40.766292,36.974777,33.642224,47.791785,60.301205,53.152148,45.834721,42.421335,58.608440,55.601606,58.766738,60.705410,50.351326,55.531814,63.780341,59.786811,62.361919,42.041515,62.089603,61.558913,50.868330,52.211146,60.842593,57.881944,62.318793,53.738027,66.794554,59.693119,62.969341,72.422440,52.990641,55.869529,49.097268,53.936563,57.395550,
50.149144,50.809158,73.796725,58.643415,54.739543,70.158324,53.224730,69.000947,62.321325,64.623911,76.895168,56.168746,52.110230,55.354393,54.296290,57.089948,63.286199,69.451522,53.980819,75.869217,48.130532,59.414776,65.206092,65.380592,44.299146,41.091427,40.766292,0.000000,47.132847,46.913595,49.596277,70.940354,57.599699,38.178634,41.948631,56.178922,57.887728,54.016093,60.441059,49.278012,47.795237,64.173757,65.349285,67.160254,52.639577,64.024413,59.973209,61.108583,64.413721,60.856171,59.628175,56.616632,48.910722,61.543278,63.779118,65.403344,69.531758,46.274087,50.230346,60.966590,55.958074,61.076065,
54.028369,49.092377,68.984504,63.059142,65.743293,77.936745,53.630949,74.272498,75.910980,63.660144,73.671648,59.316450,60.064922,64.532415,68.369245,70.918016,73.158981,77.892428,72.035746,78.646144,48.826165,50.912359,80.297756,70.739119,62.543500,37.937090,36.974777,47.132847,0.000000,41.454166,51.368407,69.109918,64.707044,55.288497,50.930651,74.754768,44.825362,72.485515,72.767583,60.091713,65.347605,74.856152,67.739815,73.233071,50.901577,74.561208,72.786193,59.579010,58.631899,69.443854,65.843268,76.566300,65.489450,74.978542,66.848115,73.733125,77.573720,58.039664,67.444423,54.735476,63.757838,68.273979,
53.136150,50.061329,73.170778,64.979521,58.873794,69.773160,45.995440,65.000238,68.588020,58.979121,63.416284,53.240819,54.552049,59.031237,62.119485,67.531868,60.514434,66.073379,62.580190,68.678393,46.085618,53.885494,67.809924,64.182140,53.717408,39.047908,33.642224,46.913595,41.454166,0.000000,50.854590,57.803050,50.202614,49.806620,44.153129,58.148189,56.807890,60.385561,70.056867,53.775191,63.989201,65.776555,61.885902,56.763380,50.632922,59.664391,61.734766,61.656342,57.305871,62.627369,61.557139,62.957671,60.288874,74.069166,59.537834,66.711255,77.308386,57.637028,58.536670,57.071708,53.443415,59.878161,
55.779858,53.776147,61.530886,55.995511,56.860971,64.759758,56.960037,62.004171,68.665962,60.139589,81.077357,53.591955,54.358076,55.213504,51.100142,63.969097,62.855868,72.152985,62.270037,72.359323,55.326841,54.445257,66.948266,65.690240,53.605728,51.601215,47.791785,49.596277,51.368407,50.854590,0.000000,68.022314,65.108502,46.092852,46.913275,63.968345,62.134457,65.537927,58.985258,57.125947,53.147195,65.683689,62.773205,72.507964,50.667794,68.480673,67.169660,59.471555,62.502676,55.666246,63.127107,64.321453,52.376379,55.560357,58.010472,61.830050,59.655509,56.368770,57.587647,60.631834,57.131830,54.469555,
75.167535,70.884853,90.882475,90.362552,61.429999,66.581222,66.825826,67.946995,82.482470,60.196469,46.675606,67.798481,61.934801,70.883847,71.279716,85.226664,60.402232,64.644780,71.142225,56.161287,72.463293,72.119835,68.121049,68.114085,64.712973,63.396335,60.301205,70.940354,69.109918,57.803050,68.022314,0.000000,41.540086,61.577527,60.313348,54.865355,77.954818,59.081007,79.479302,65.383303,83.802402,64.812605,56.480854,46.884656,64.113642,49.715993,62.780660,68.314726,65.429214,65.841103,70.191470,63.811935,72.456074,82.259873,61.787923,60.821153,85.855161,77.923410,67.836351,72.228819,63.116476,58.321910,
66.653991,67.176885,87.972333,80.533190,54.634056,60.723691,57.062177,63.840128,73.824212,56.420175,49.156621,63.846576,54.918482,61.434178,61.282351,72.396897,58.863973,61.092958,61.469215,54.544197,61.885203,69.302898,60.133401,61.305827,50.124293,56.747882,53.152148,57.599699,64.707044,50.202614,65.108502,41.540086,0.000000,52.134674,53.129825,45.066805,70.668363,47.240129,72.968943,57.216694,74.778836,59.764286,57.783435,44.875846,59.897085,45.120695,52.853378,66.716242,63.265367,63.925794,61.750964,52.389411,62.321482,74.210860,62.505199,58.601495,83.258433,69.136568,58.946195,70.196894,58.095066,56.489973,
55.685173,55.370983,72.150107,63.295252,47.797461,60.302951,54.867836,61.963281,63.560315,57.570540,71.572634,55.844556,46.395368,54.191665,50.838105,60.954438,59.264685,65.408954,52.329244,65.960941,53.789857,60.473288,60.040449,60.029510,41.856944,47.141200,45.834721,38.178634,55.288497,49.806620,46.092852,61.577527,52.134674,0.000000,45.475142,47.127760,60.149715,51.764655,56.775741,50.094014,49.815291,55.227488,59.595389,61.265989,52.415177,56.784554,52.299606,56.614519,62.044670,56.765652,59.290002,51.260412,47.743056,55.273562,54.619445,54.833783,63.744220,51.179473,50.569738,61.997668,51.184578,53.413709,
47.187065,47.649099,73.687899,57.717745,60.706462,70.296765,50.367355,63.087638,59.658830,65.734041,72.638323,48.923533,53.210713,53.252657,54.870929,63.273502,56.084381,60.133272,52.055343,72.764600,45.419089,56.120582,67.710599,65.250595,48.538194,42.639227,42.421335,41.948631,50.930651,44.153129,46.913275,60.313348,53.129825,45.475142,0.000000,53.108728,67.297599,56.360776,67.090965,46.340086,50.641672,59.050393,55.735282,57.581307,50.646421,54.092182,62.263127,63.786277,60.873742,56.995840,60.205277,53.738061,48.211455,62.991025,59.319139,61.058382,72.225355,49.386622,51.116552,57.449097,50.419467,52.567163,
72.891333,72.715948,93.546258,82.641723,52.946909,64.626607,67.519859,69.818519,67.724695,66.487737,69.107087,68.991266,57.210871,65.075263,58.306098,69.011839,61.134023,67.377471,56.535686,66.580408,68.247873,78.288601,52.326958,66.600887,49.259920,61.118445,58.608440,56.178922,74.754768,58.148189,63.968345,54.865355,45.066805,47.127760,53.108728,0.000000,79.678735,32.836555,65.238263,57.053333,63.839718,62.732249,62.381125,50.803425,66.410639,45.156454,46.603229,67.736123,75.217833,64.291222,66.566557,44.757938,55.454525,66.785939,64.117086,57.473423,76.224843,68.804618,51.941786,76.754103,55.230792,57.895949,
63.093793,61.572773,67.613599,66.545157,63.591967,72.780049,58.395077,73.378495,74.703459,62.634853,77.362958,66.476282,66.592204,70.234193,69.591095,73.425548,81.108382,82.461559,72.664766,76.060820,61.259615,61.523084,81.637481,71.993368,64.125814,54.747687,55.601606,57.887728,44.825362,56.807890,62.134457,77.954818,70.668363,60.149715,67.297599,79.678735,0.000000,78.560981,75.631480,72.445699,71.784553,76.564374,76.090867,80.783210,64.398367,81.332705,73.325981,64.457426,69.174965,76.955664,72.923192,81.750892,71.296551,76.201312,71.458363,76.904661,72.413311,65.124150,75.966351,68.152610,74.331584,75.329346,
73.901025,73.738555,96.686822,84.944659,52.907937,65.112306,69.991316,71.686341,69.944027,65.036142,70.102674,73.012713,57.834651,64.315433,58.199627,64.508937,66.146588,70.933372,58.921293,66.423928,67.945238,78.718190,52.543985,65.539135,47.144584,60.360280,58.766738,54.016093,72.485515,60.385561,65.537927,59.081007,47.240129,51.764655,56.360776,32.836555,78.560981,0.000000,63.573330,60.373981,68.274889,68.702914,67.239241,56.362440,67.307610,51.513327,46.346686,68.661930,78.467273,66.618375,67.122377,50.278004,57.650478,68.295521,70.917248,62.125265,80.383194,70.550182,54.077812,78.193837,63.483529,63.615438,
70.110313,63.951149,81.593027,70.044370,55.815567,60.166488,76.501430,68.939132,80.055571,56.798367,89.665179,66.344938,60.570904,56.801586,54.210657,60.947931,76.052268,75.488673,69.111390,69.697755,71.253961,63.208356,62.012317,62.475674,55.521991,68.765195,60.705410,60.441059,72.767583,70.056867,58.985258,79.479302,72.968943,56.775741,67.090965,65.238263,75.631480,63.573330,0.000000,64.842373,56.892640,58.591101,63.861035,78.799758,51.868495,73.478487,61.564248,49.681092,62.550474,52.711086,62.214372,60.790284,52.960538,45.945005,67.162581,53.393776,61.469857,66.992989,56.633104,61.211794,65.966783,52.718271,
53.389012,53.949561,77.886918,64.937021,62.497334,73.931801,57.973285,70.650585,67.849532,70.802455,71.823988,54.640140,55.370506,58.772740,60.820141,66.573476,57.514736,65.847984,57.632435,76.258505,56.922191,63.223206,68.247823,69.539147,53.552525,49.751132,50.351326,49.278012,60.091713,53.775191,57.125947,65.383303,57.216694,50.094014,46.340086,57.053333,72.445699,60.373981,64.842373,0.000000,52.208990,57.600871,55.243569,58.393958,55.284183,52.654490,60.774346,67.108159,56.633055,55.457454,59.650152,49.477470,48.347954,62.096609,54.639931,57.538175,71.041502,46.087424,46.346570,57.451151,46.947877,48.573758,
59.715061,54.389488,75.023563,54.595606,66.407298,77.255521,64.726205,75.295704,64.863572,76.114019,94.804176,56.203902,63.519641,62.130290,57.690910,62.704150,71.169427,75.345046,59.132794,88.255390,60.758017,67.531477,74.573893,74.827148,55.030992,56.059735,55.531814,47.795237,65.347605,63.989201,53.147195,83.802402,74.778836,49.815291,50.641672,63.839718,71.784553,68.274889,56.892640,52.208990,0.000000,62.947974,66.842347,77.754747,58.280679,71.164510,67.094723,62.975911,67.456695,61.149877,66.084921,58.285163,41.763835,53.700710,64.120496,64.880897,59.662171,42.529945,54.081320,60.678468,56.348047,58.734483,
60.131341,58.777919,80.238542,68.884415,60.620247,56.597790,63.851909,57.863966,73.147633,59.878907,72.661552,55.496079,56.087012,56.020782,59.462960,73.206812,61.772274,53.537276,58.651463,59.294191,64.869673,61.067856,68.720852,61.573206,55.086655,66.201875,63.780341,64.173757,74.856152,65.776555,65.683689,64.812605,59.764286,55.227488,59.050393,62.732249,76.564374,68.702914,58.591101,57.600871,62.947974,0.000000,52.446730,61.643693,51.231946,54.428738,62.169595,58.181416,53.239420,53.009755,62.427574,51.390035,55.201169,53.545298,55.048075,44.139043,69.425185,60.345438,58.008441,58.262710,56.384161,43.309512,
65.994773,54.702541,82.571934,72.004167,65.241497,66.765973,66.883747,64.663289,77.440990,62.022428,70.100735,55.696741,63.042829,60.572286,65.026930,74.482867,66.520071,62.126860,68.343052,65.243310,64.885125,61.777191,72.698786,68.566104,61.014694,63.866016,59.786811,65.349285,67.739815,61.885902,62.773205,56.480854,57.783435,59.595389,55.735282,62.381125,76.090867,67.239241,63.861035,55.243569,66.842347,52.446730,0.000000,53.255681,47.592356,50.570661,59.156707,51.386149,51.186953,53.160729,63.331591,60.024833,61.565439,60.756974,58.876323,47.612401,70.981484,65.570476,59.026319,53.671288,56.082471,44.656621,
71.131848,70.072910,93.584740,85.639660,65.886653,73.154538,64.684588,70.540624,76.067519,69.435713,55.360740,68.266619,63.875707,69.572857,69.922450,80.486297,60.598267,61.781984,65.515575,65.556560,66.540542,75.546507,67.803821,70.771785,61.053389,63.943399,62.361919,67.160254,73.233071,56.763380,72.507964,46.884656,44.875846,61.265989,57.581307,50.803425,80.783210,56.362440,78.799758,58.393958,77.754747,61.643693,53.255681,0.000000,64.662046,39.141363,54.168770,71.060625,65.504624,66.452519,66.749657,55.172854,67.892431,79.275291,62.928521,61.226661,87.287137,71.960685,61.780088,70.822536,58.317513,58.551920,
56.973877,44.763305,72.628267,61.365835,59.542818,65.669179,60.583541,63.893791,79.841202,52.831913,73.644207,50.710382,55.804871,53.269697,59.238123,66.405356,68.383700,65.430029,69.847493,68.263673,54.423023,44.923660,70.367771,59.982179,54.867476,49.637740,42.041515,52.639577,50.901577,50.632922,50.667794,64.113642,59.897085,52.415177,50.646421,66.410639,64.398367,67.307610,51.868495,55.284183,58.280679,51.231946,47.592356,64.662046,0.000000,61.318491,59.602121,39.798139,43.347045,48.676884,59.309713,64.276400,56.551177,55.172478,56.714166,52.191959,67.910380,58.357156,56.615035,40.666170,56.049192,45.648443,
68.345855,70.430190,91.198912,82.713317,60.581656,66.395137,65.493257,65.991265,73.402144,67.559081,58.674789,66.208116,59.991791,65.740949,63.118269,77.693715,57.841890,61.644092,59.803675,63.023618,66.074182,74.452396,60.904917,68.455766,54.626704,61.375616,62.089603,64.024413,74.561208,59.664391,68.480673,49.715993,45.120695,56.784554,54.092182,45.156454,81.332705,51.513327,73.478487,52.654490,71.164510,54.428738,50.570661,39.141363,61.318491,0.000000,48.460401,68.147633,64.894215,62.391770,64.497148,48.592683,59.986551,69.239365,56.829527,52.831271,79.112474,67.674923,55.126351,69.621538,52.091190,52.238936,
73.411618,71.491710,90.815696,82.270120,54.364766,64.438616,70.531693,68.898479,73.778767,61.736790,69.398362,71.549836,60.219549,64.815988,58.831484,67.177009,69.897652,71.575087,63.329069,65.877241,66.199619,73.274931,55.836197,66.460141,48.773646,62.385402,61.558913,59.973209,72.786193,61.734766,67.169660,62.780660,52.853378,52.299606,62.263127,46.603229,73.325981,46.346686,61.564248,60.774346,67.094723,62.169595,59.156707,54.168770,59.602121,48.460401,0.000000,59.026291,69.753852,64.326324,65.175380,54.750115,59.111269,61.960959,61.584389,54.494225,74.346163,69.945697,56.680779,70.441200,58.964072,58.560622,
71.909788,54.832135,80.122174,71.011976,59.892194,65.996049,70.856757,70.156896,85.614424,52.539265,78.750701,61.658779,63.393071,64.695873,65.064926,73.247448,81.092833,75.858448,77.008395,69.305211,66.613056,56.873178,73.608528,65.300491,62.450373,58.153749,50.868330,61.108583,59.579010,61.656342,59.471555,68.314726,66.716242,56.614519,63.786277,67.736123,64.457426,68.661930,49.681092,67.108159,62.975911,58.181416,51.386149,71.060625,39.798139,68.147633,59.026291,0.000000,52.012374,60.467035,65.025749,71.912569,62.366379,56.929449,61.541201,54.065554,66.475059,68.337323,65.017518,46.038763,64.414373,55.290464,
60.484960,50.181162,74.119054,68.343765,67.069509,71.416466,63.182306,69.574403,86.727387,58.917035,68.059873,55.117734,62.483001,62.234904,68.855223,79.331239,71.477332,69.057725,76.255878,69.500833,60.142718,49.672954,80.266877,66.886476,68.334040,58.171655,52.211146,64.413721,58.631899,57.305871,62.502676,65.429214,63.265367,62.044670,60.873742,75.217833,69.174965,78.467273,62.550474,56.633055,67.456695,53.239420,51.186953,65.504624,43.347045,64.894215,69.753852,52.012374,0.000000,53.878704,58.485746,67.909860,63.554359,65.975419,53.743900,56.072936,73.252794,60.250080,64.828972,40.950396,57.710459,47.959031,
61.195735,57.910180,72.442846,66.045520,59.585107,60.831658,66.805950,61.138877,75.692640,59.224938,76.461241,55.787128,53.468502,49.607701,54.544586,66.280317,60.009193,64.396574,63.809863,65.540236,65.688491,59.171630,65.481498,63.125556,55.740518,64.521215,60.842593,60.856171,69.443854,62.627369,55.666246,65.841103,63.925794,56.765652,56.995840,64.291222,76.955664,66.618375,52.711086,55.457454,61.149877,53.009755,53.160729,66.452519,48.676884,62.391770,64.326324,60.467035,53.878704,0.000000,56.934627,55.275500,52.521182,53.504362,56.644877,51.003733,61.738048,60.613242,51.096266,57.878864,59.268838,42.817905,
61.163054,65.352468,78.155407,72.035549,62.309322,69.868031,63.194567,68.985963,80.731224,65.271670,74.353790,69.997879,57.934600,60.686400,57.586814,70.547646,68.914402,71.150210,68.447111,70.740532,59.572061,61.551905,68.262444,66.832818,58.269158,61.757896,57.881944,59.628175,65.843268,61.557139,63.127107,70.191470,61.750964,59.290002,60.205277,66.566557,72.923192,67.122377,62.214372,59.650152,66.084921,62.427574,63.331591,66.749657,59.309713,64.497148,65.175380,65.025749,58.485746,56.934627,0.000000,52.977196,51.519904,62.132161,62.770225,63.405219,70.867462,61.890174,54.819197,63.413393,58.620399,58.642562,
61.019102,67.891011,86.591941,73.854863,58.188064,63.127852,64.169569,64.319679,64.099372,68.329269,72.853529,64.507314,54.447798,58.211395,52.793622,65.786024,55.063883,60.620911,50.006495,66.548496,64.180286,72.218872,57.273674,65.642800,47.868910,64.517538,62.318793,56.616632,76.566300,62.957671,64.321453,63.811935,52.389411,51.260412,53.738061,44.757938,81.750892,50.278004,60.790284,49.477470,58.285163,51.390035,60.024833,55.172854,64.276400,48.592683,54.750115,71.912569,67.909860,55.275500,52.977196,0.000000,45.156718,58.569891,61.464519,56.408493,71.351467,59.832749,47.053939,72.311723,54.124057,50.189876,
55.327336,57.129462,75.243235,59.428691,56.691865,65.718616,59.309564,64.773745,65.422081,66.222834,83.058538,57.036683,52.874763,52.816383,47.823372,58.681108,61.971377,66.327111,53.414798,73.611509,57.379145,63.028297,63.563334,64.383279,46.794769,55.897229,53.738027,48.910722,65.489450,60.288874,52.376379,72.456074,62.321482,47.743056,48.211455,55.454525,71.296551,57.650478,52.960538,48.347954,41.763835,55.201169,61.565439,67.892431,56.551177,59.986551,59.111269,62.366379,63.554359,52.521182,51.519904,45.156718,0.000000,47.015219,59.696098,55.296894,58.344761,47.870096,45.256824,61.530871,52.495359,49.862113,
65.671010,63.525188,75.908274,62.580232,59.590972,59.315619,72.574897,62.433615,75.354224,63.039301,92.845113,64.704811,56.916204,53.557916,50.521278,62.137447,74.219831,72.792982,64.587075,71.404787,69.099590,61.552169,66.516435,66.031388,54.414221,69.898355,66.794554,61.543278,74.978542,74.069166,55.560357,82.259873,74.210860,55.273562,62.991025,66.785939,76.201312,68.295521,45.945005,62.096609,53.700710,53.545298,60.756974,79.275291,55.172478,69.239365,61.960959,56.929449,65.975419,53.504362,62.132161,58.569891,47.015219,0.000000,65.484937,49.428869,57.073967,63.435312,58.416826,62.755508,62.640587,51.432301,
65.419079,63.589583,73.575698,74.697612,61.492634,69.862651,64.243384,68.451294,78.820601,63.803510,65.793864,61.326008,61.369744,67.061012,64.466519,80.078207,65.820708,73.417738,69.128940,70.187755,65.010699,64.380606,69.087577,71.718929,63.805451,56.727278,59.693119,63.779118,66.848115,59.537834,58.010472,61.787923,62.505199,54.619445,59.319139,64.117086,71.458363,70.917248,67.162581,54.639931,64.120496,55.048075,58.876323,62.928521,56.714166,56.829527,61.584389,61.541201,53.743900,56.644877,62.770225,61.464519,59.696098,65.484937,0.000000,54.449972,62.870203,59.273588,60.218601,55.114173,47.852125,48.416485,
70.207449,63.840668,84.547204,76.158168,57.744322,57.385394,70.754202,63.797862,76.924239,56.686594,73.215863,61.468957,57.617933,58.664427,60.045416,71.974956,67.825773,66.207001,65.517911,59.692088,71.069722,66.447126,64.835598,63.275351,56.754937,66.896387,62.969341,65.403344,73.733125,66.711255,61.830050,60.821153,58.601495,54.833783,61.058382,57.473423,76.904661,62.125265,53.393776,57.538175,64.880897,44.139043,47.612401,61.226661,52.191959,52.831271,54.494225,54.065554,56.072936,51.003733,63.405219,56.408493,55.296894,49.428869,54.449972,0.000000,63.751452,64.623139,55.479779,57.420821,55.850141,40.268031,
72.685955,71.440637,66.587744,67.425736,66.997095,70.642852,75.297717,73.510848,76.739678,72.126209,94.661502,66.879630,71.791306,69.835084,63.216749,71.964364,78.305887,85.438478,72.902584,82.246410,78.521921,73.432289,75.280724,77.545984,67.133930,73.093455,72.422440,69.531758,77.573720,77.308386,59.655509,85.855161,83.258433,63.744220,72.225355,76.224843,72.413311,80.383194,61.469857,71.041502,59.662171,69.425185,70.981484,87.287137,67.910380,79.112474,74.346163,66.475059,73.252794,61.738048,70.867462,71.351467,58.344761,57.073967,62.870203,63.751452,0.000000,64.955701,66.713274,72.452896,67.390600,61.765527,
50.794514,52.020061,70.781119,57.221146,67.374964,78.487046,56.544183,74.050016,66.242572,75.664872,82.661435,53.662434,60.966780,61.992809,62.521298,67.188627,65.847036,71.268047,58.871820,84.481426,54.166942,63.298591,77.535330,74.016920,55.511678,48.389117,52.990641,46.274087,58.039664,57.637028,56.368770,77.923410,69.136568,51.179473,49.386622,68.804618,65.124150,70.550182,66.992989,46.087424,42.529945,60.345438,65.570476,71.960685,58.357156,67.674923,69.945697,68.337323,60.250080,60.613242,61.890174,59.832749,47.870096,63.435312,59.273588,64.623139,64.955701,0.000000,52.954515,58.485873,55.504855,58.707844,
60.467589,61.225459,80.950965,68.544805,56.196834,67.673093,63.045420,67.406345,70.237637,66.681087,76.558266,62.283660,53.084745,55.321163,53.296084,60.147600,60.844538,66.689385,56.588729,71.907464,59.988160,66.626854,59.026724,65.439474,48.035052,57.117193,55.869529,50.230346,67.444423,58.536670,57.587647,67.836351,58.946195,50.569738,51.116552,51.941786,75.966351,54.077812,56.633104,46.346570,54.081320,58.008441,59.026319,61.780088,56.615035,55.126351,56.680779,65.017518,64.828972,51.096266,54.819197,47.053939,45.256824,58.416826,60.218601,55.479779,66.713274,52.954515,0.000000,63.694774,51.850211,52.951311,
63.233053,44.096161,76.509032,65.383631,70.056144,77.157374,65.431962,73.246794,86.007366,61.850489,77.660941,56.039803,65.583353,63.034818,69.726828,75.445910,78.014810,73.778567,78.657069,77.434806,58.382922,49.568080,82.703355,70.485629,68.038506,53.665989,49.097268,60.966590,54.735476,57.071708,60.631834,72.228819,70.196894,61.997668,57.449097,76.754103,68.152610,78.193837,61.211794,57.451151,60.678468,58.262710,53.671288,70.822536,40.666170,69.621538,70.441200,46.038763,40.950396,57.878864,63.413393,72.311723,61.530871,62.755508,55.114173,57.420821,72.452896,58.485873,63.694774,0.000000,59.233322,52.546961,
61.764148,60.668729,77.525029,69.116869,62.292202,72.506106,57.839359,68.846568,71.314220,69.127454,71.718772,57.081316,59.890862,63.243388,60.783046,72.066365,61.083173,67.789343,61.876050,74.964169,59.091078,65.843312,64.683421,70.194020,56.842040,52.636762,53.936563,55.958074,63.757838,53.443415,57.131830,63.116476,58.095066,51.184578,50.419467,55.230792,74.331584,63.483529,65.966783,46.947877,56.348047,56.384161,56.082471,58.317513,56.049192,52.091190,58.964072,64.414373,57.710459,59.268838,58.620399,54.124057,52.495359,62.640587,47.852125,55.850141,67.390600,55.504855,51.850211,59.233322,0.000000,46.664039,
59.995557,54.733787,76.103252,66.717444,57.802544,58.954473,62.604275,58.611712,71.944935,56.475534,69.881634,49.186269,56.638679,54.039542,55.709937,68.075538,58.288728,59.361860,61.648748,61.666550,63.025819,57.451192,63.623361,61.698057,55.014436,61.607564,57.395550,61.076065,68.273979,59.878161,54.469555,58.321910,56.489973,53.413709,52.567163,57.895949,75.329346,63.615438,52.718271,48.573758,58.734483,43.309512,44.656621,58.551920,45.648443,52.238936,58.560622,55.290464,47.959031,42.817905,58.642562,50.189876,49.862113,51.432301,48.416485,40.268031,61.765527,58.707844,52.951311,52.546961,46.664039,0.000000,
