total: 20.8326
group_lasso: 20.8026
linear: 0.0269895
quadratic: 0.00306635
