0.0 0.1305809881578409 0.10180608773963808 0.13179136707227837 0.030327755566041018 0.12740038613649576 0.09137160203771481 0.03201786600519778 0.19181052392097195 0.10982965610114044 0.07210809224829068 0.06004425070126362 0.13821431191841485 0.18872479664731748 0.1738054307151137 0.25380999821085337 0.12404806159078263 0.025234567344140365 0.13230440556120268 0.08045565971766776 0.06428197779982973 0.07210809224829066 0.09694249554886368 0.0960539129841204 0.07627595904371838 0.128933438827894 0.06235661359129614 0.019707506829359425 0.030327923536479628 0.1033469217812024 0.11470361468284414 0.07639597551014432 0.15475460947807504 0.189023934598963 0.10982965610114044 0.08022108534330513 0.0680702684634103 0.10982965610114044 0.17289349935722365 0.027242229943817788 0.032018007580815425 0.3203526804678503 0.14037010165595884 0.10436899982690137 0.10446168289075863 0.13821436720423916 0.07843742930316652 0.11316438030201871 0.06151856089892345 0.05319866983852271 0.5606580493344632 0.5122812490586801 0.5818700500772159 0.4944704614887657 0.5497110333771108 0.46871882829476413 0.531838813156432 0.3961976378740204 0.5211011194163057 0.4456300538137553 0.48039283658225446 0.4735550205195224 0.492463090356563 0.5076067170345553 0.39755026914719876 0.518810562510406 0.48152559462840216 0.4149540830407659 0.5922255975790623 0.4338033840324925 0.5555733656150289 0.455829369185267 0.5840546495968489 0.487775127818647 0.4862259565371436 0.5158702783564599 0.571394190978839 0.6067941875934301 0.5046979104513982 0.3859887872214741 0.44028134787067136 0.42198380058333396 0.42913007747763526 0.5768291907568578 0.4768005161154028 0.49962558880075625 0.5522663502261125 0.5516597173646646 0.4205431699384978 0.465277299591514 0.46326468976107704 0.49377254609770926 0.4476063133146101 0.4132423762215198 0.45550619604271636 0.41520192311155557 0.43905506160445196 0.47204990755658477 0.37713363230100716 0.4418735071548634 0.7766013229480957 0.6187854874932799 0.7565489742712381 0.6423070218368294 0.7280719833399519 0.8411822962392518 0.5561840959429618 0.7588810728065385 0.709318018872617 0.8336980224906589 0.6416871727817063 0.6579305708965741 0.7104268021131764 0.6455504633482428 0.7053472313525249 0.7033061276763687 0.6415021442233522 0.8647140376619254 0.9178480090442854 0.6121343664410803 0.7570113701130767 0.6112821549223338 0.8513556214436803 0.6112244998431313 0.7068917908438774 0.7186852822428513 0.5918312528001414 0.579921336418202 0.7034009261642101 0.6852186624303438 0.7731085080444716 0.8350702198893287 0.7208376558269017 0.5690492766827433 0.5978644789528159 0.8490031332611229 0.7317483133286398 0.6309935132415426 0.5689124079786313 0.707351150313521 0.759410517094353 0.7259115626766618 0.6187854874932799 0.7626962636339276 0.7788926917465333 0.722036395391624 0.6519306243293896 0.6556321275661205 0.6959056288794367 0.5842029289940166 
0.1305809881578409 0.0 0.06151834475659912 0.057351727852581406 0.15233794688914407 0.24929761916230095 0.11563852203547792 0.10284355978426023 0.08781791542670878 0.03713376318528515 0.19591477290086418 0.10436899982690137 0.03032775556604104 0.1085053939320625 0.29499612920632134 0.38154003437446027 0.2476012239806056 0.13299690920214702 0.2458684928298481 0.20646481286277302 0.13495177894859495 0.18704670835907702 0.16479310914600426 0.11637126758651929 0.11447968383355427 0.026542161734856927 0.11593101959417991 0.1362784996379056 0.11285173881950966 0.06403603268778343 0.03662312708094814 0.141124608221526 0.28344109687198504 0.31919234460582574 0.03713376318528515 0.05702259996905008 0.16190470104243945 0.03713376318528515 0.08473832033158457 0.10689163639412068 0.13017111232755976 0.19097684481624322 0.09862903184932723 0.1637444771588244 0.21694895473872225 0.03032800752210593 0.2056867426100768 0.07137349239564829 0.1893027358889844 0.07754990264075959 0.577749428960015 0.5244967098355132 0.5920556715313127 0.4355086254594364 0.5389879836969129 0.4460570081270192 0.5484094538338838 0.31892750145687043 0.5170802295674122 0.4072194325238265 0.3888194781731117 0.46746483630599533 0.43241080255746683 0.49782522890704245 0.377559787927617 0.5280695833173079 0.47195316173615187 0.38238808334481444 0.5453938422788747 0.3836921031606273 0.5618418638515252 0.4376963348487299 0.5550480797230756 0.4708739141709493 0.47955937067274657 0.517991740159734 0.5641039575914408 0.6095281073686741 0.4937138056117067 0.3398843313392308 0.38129005032527 0.36000661820164753 0.39772651237738627 0.5559044492309794 0.46470156315150074 0.5200940116898722 0.5609734455788637 0.5084795779374407 0.40954785602226557 0.417594529121043 0.42294693478692835 0.49024934295431916 0.40989932342154173 0.3320779757437264 0.4233858428457937 0.4054597078821759 0.42238202287890675 0.4627402448725928 0.3091986829637582 0.41775795722708886 0.7880418901806355 0.5974355486445495 0.7617216249865107 0.6363864944517809 0.7288004270970606 0.8491768626754853 0.5103437268654144 0.7613477213963117 0.6889257905695727 0.861536039860822 0.6523489687252257 0.6431940963953828 0.7135570179781519 0.6139232068661076 0.6913148776577953 0.7122529253841543 0.6423287714678872 0.9018414644335409 0.9119318957807628 0.5649492803633606 0.7690195834247165 0.59313011916261 0.8524768082895228 0.5943814848699579 0.7225818747817866 0.7336413069447258 0.5789593588171579 0.5769244728908635 0.6942381871437727 0.6917442793503307 0.7721469760257136 0.8747536854172354 0.7118993774530401 0.556667609694785 0.5731527747901912 0.8575850150592039 0.7481468873507492 0.6359636719572483 0.5648560707111222 0.715753318445254 0.7657659032145947 0.7341013280489314 0.5974355486445495 0.7738853060875827 0.7931597487624151 0.7243354774173336 0.626076733337922 0.6564409617849609 0.712334734714114 0.579277203045773 
0.10180608773963808 0.06151834475659912 0.0 0.03662308535158939 0.11331733580310312 0.22204127660996728 0.05976835115981132 0.07426760728485907 0.09156088684981412 0.0531700368384638 0.17380546648282538 0.06146884904547347 0.05976830854337573 0.09018591094688787 0.27404949478030655 0.350663644840967 0.2182119780058719 0.10488690523557669 0.2314034489936893 0.16884977360900927 0.13453801450447925 0.15302315482844223 0.10686279547676286 0.11216839392730493 0.08138380748294338 0.07773356774467893 0.09268015184080113 0.1150117360138884 0.09862929009853368 0.030794505556703787 0.043221414038984884 0.1392235277327768 0.24436067190330427 0.28617361706062333 0.0531700368384638 0.05150211413235 0.1544139372483219 0.0531700368384638 0.07137349239564829 0.08658366143136595 0.09441845786534135 0.23097067264457938 0.05046852906350945 0.13933691303016085 0.18382682184498872 0.05976843639182424 0.16852386395186372 0.019707090612244106 0.16287798795552696 0.05735190015437273 0.6026704651230975 0.5452525951617907 0.6178864953357726 0.47281414667640703 0.5694231995643004 0.47268863614573936 0.5654191683925928 0.3532502566678593 0.5474410095191904 0.43118195852770597 0.4312696083876737 0.4894167664417995 0.4786144974760716 0.5241184745587678 0.40180015471476505 0.5538894742300741 0.49089841569140424 0.41656278937616176 0.5855466810493538 0.4206330663478648 0.5769244869256424 0.46852990033265285 0.5897647963345407 0.5011382519749027 0.5093138642323418 0.5455882925484818 0.596460896479269 0.6350370652341413 0.518719617223172 0.3781215980083993 0.4198797523217866 0.4003884834487664 0.430196266454721 0.5836994650879692 0.4815858516277739 0.5320516899364435 0.5858834920991185 0.549851044581643 0.43026501824807584 0.45075097250894774 0.45384049417351274 0.5142536512830062 0.4445871375277896 0.3701701115738796 0.45222354712169976 0.42794730381750856 0.4468724438678031 0.49121061301133656 0.3431611619264363 0.44513646780357596 0.8016828777490268 0.6215629151901902 0.7863791292639019 0.6603170846760776 0.7498795903872238 0.875447867877173 0.532450348158862 0.789605448476137 0.7216561712645214 0.8756069722284585 0.6709390308658247 0.6710615381262468 0.7369510755467246 0.6403626658148034 0.7104789684100589 0.7288303453896369 0.6656751410156572 0.9162923319470687 0.9428043451372257 0.6027999152461105 0.7885326064420909 0.6131736342180276 0.8823045324963935 0.6228477489168638 0.7400715794123779 0.756736705170109 0.6049413352594841 0.5979853190863849 0.718802253308475 0.7194468490549898 0.8020567406247794 0.890561342017324 0.7358741349515523 0.5851522342614154 0.6040796290824325 0.883650424300389 0.7602757048433831 0.6567402834603284 0.5852044148698136 0.7379771471392207 0.7854057949179825 0.7553674747074246 0.6215629151901902 0.7928306598575066 0.8091253079391519 0.7462110356242823 0.657211495453861 0.6788370085582043 0.7239907805284809 0.5987186786828467 
0.13179136707227837 0.057351727852581406 0.03662308535158939 0.0 0.14336260513442087 0.24866571538772958 0.08045577368770991 0.10128737863499825 0.06151829591435038 0.05642553085521547 0.20257466673998903 0.08347682849427854 0.05010943374047465 0.0742060267990291 0.3054183838191488 0.3800079240871582 0.24866574038764908 0.13418549781487557 0.2578844153003343 0.1972660526177928 0.15577246202512382 0.1804056347660075 0.1362112001079941 0.12559749148470314 0.09246013897690093 0.07259681791328022 0.1136292252497178 0.14274707043895643 0.1265886999856372 0.03201786438647524 0.03517675014373019 0.16245215861769594 0.2729513678141968 0.3163522066566995 0.05642553085521547 0.07818715826728904 0.18312204132299248 0.05642553085521547 0.04680051033335533 0.11316446133050238 0.12559771538719466 0.2051700427169721 0.04680047767859878 0.15814647623107883 0.2061797184269735 0.05010958623236077 0.1959144632117396 0.02724234214095381 0.19181080543993329 0.08473854337423545 0.6026950655262436 0.5429335955859623 0.615736033253461 0.4545118289201333 0.5628229173640352 0.4602768221084301 0.5630629889314012 0.3296077336598197 0.5422712207264216 0.4156480130749552 0.4055587272588442 0.48258937306109995 0.4622295438019282 0.5155725454082906 0.3928922477382117 0.5523730747704579 0.48102237569408196 0.4036373328649224 0.5713789533752491 0.4043445793540511 0.5711601131989268 0.46077313296385536 0.5780417733493968 0.490898033680641 0.5038843217884094 0.5423554998675528 0.5908870978459706 0.6307076740992409 0.5103546139870319 0.3647790281911762 0.4018000399618413 0.38193804786280616 0.41870073258156437 0.5718574578879391 0.4703128480968459 0.5299420097375174 0.5833673988743963 0.5368483951431399 0.42096928437198705 0.43445520423070966 0.43718845979702814 0.5072146485287147 0.43151383354651995 0.3466610778842304 0.4385785878771865 0.4187727280622561 0.4366384564906036 0.48441163164582174 0.32447664326119163 0.43388081573648574 0.7965911319165654 0.6095279413360518 0.781909881977937 0.6515154117308829 0.7431929141118987 0.8713665664464457 0.5133953757702813 0.7839899973245756 0.7110332192745827 0.8758098377117538 0.6675873612746214 0.6618614622635859 0.7321718731646342 0.626543349528293 0.7008835679990961 0.7247747386828686 0.659093399440718 0.9180388335944144 0.9359263772064556 0.5862911928384741 0.7855142355021286 0.6017891813847813 0.8768862419716789 0.6138372583380945 0.7369507470147681 0.753878653150755 0.5966069794975238 0.5908738573957798 0.7102273128610815 0.7152497340034917 0.7966140701870088 0.893699951552255 0.727500446091428 0.575925885575745 0.5902653685226545 0.8811255114569003 0.7568623183760478 0.6506120640848015 0.5778106367327048 0.7347449028936622 0.7811063266330174 0.7530499537133156 0.6095279413360518 0.7889362747661113 0.806271805794622 0.7419623053861837 0.6463863095740652 0.6733237024801957 0.7205976682568971 0.5899445496691923 
0.030327755566041018 0.15233794688914407 0.11331733580310312 0.14336260513442087 0.0 0.11727966275133073 0.08781806044795672 0.05150187774914198 0.2034458208103282 0.1301709013988983 0.07259690283242079 0.06403579403199279 0.15713892678382543 0.1958989997021561 0.1694771215953626 0.2393188516464642 0.11362914455265538 0.03945321465634311 0.13416296484121987 0.0597684031661508 0.08957415879748402 0.0597684031661508 0.07882903715833148 0.11266414727328203 0.07945623199643065 0.15279171028824506 0.07426740150789568 0.043291778362664 0.06065567910199735 0.11470364132978655 0.13218479538353642 0.09862911501461247 0.13339240443364841 0.17320249515541858 0.1301709013988983 0.10300393152762954 0.08841607309127636 0.1301709013988983 0.18225682655368372 0.05417977540468882 0.03713376179016571 0.33975288364664574 0.14311557020816254 0.10605023140055543 0.08950637982175245 0.15713897541144856 0.05702261965321871 0.12131161015901304 0.05735204761659854 0.07570300556393413 0.5743101372773921 0.5239567513199783 0.5956298880245431 0.5128034452907885 0.5656332634930423 0.48262614245268387 0.5413977853740642 0.4132423885488626 0.5372128335101157 0.4585414623142028 0.5002341056955474 0.4858703193314878 0.5148687587702706 0.5214266512014847 0.41162764019941067 0.5331365484662467 0.49191915976758266 0.4327321402562876 0.6119094137330373 0.45240538658302 0.5638530718374399 0.4725199714608381 0.60130457955771 0.5034076727027612 0.5023294773834913 0.5309424259839242 0.5881735613927651 0.6201152401108394 0.5180493607299395 0.405912656799189 0.45939140750245605 0.44188587662317014 0.44634385575982316 0.5907064942560162 0.4861319418007765 0.5068660342670602 0.5657457919686276 0.572121398964038 0.43240504072701147 0.4820811280521477 0.4788109074314927 0.5067138881770391 0.4655052761361556 0.4317470563251593 0.47055720164371184 0.42787406781720433 0.4524670864143752 0.4874610788114276 0.3948226910233039 0.4565992221917169 0.783178557950249 0.6308452216755552 0.7687484198212535 0.6541494583412183 0.7384446553750628 0.8538299099294363 0.5673305037816075 0.7726019935032072 0.7251506554951247 0.8405860734391524 0.6514806490845859 0.6718176440571751 0.7222298703127743 0.6586248386077767 0.715060402665288 0.7118553984790682 0.6532508684805421 0.87151931157791 0.9324928991232004 0.6303002665177331 0.7668082423173542 0.6215549105401185 0.8656542876137435 0.625696156663942 0.7156948374670742 0.7301611118114055 0.6052478468658294 0.5909791820569925 0.7155177301643175 0.6990696798891655 0.7877497498744275 0.8427869508142525 0.7326661486030668 0.5834756370691775 0.6127672743541098 0.8618643741109575 0.7378625115676661 0.6415021084887286 0.5796921174880842 0.7187126395028332 0.7692688171319901 0.7369869776047205 0.6308452216755552 0.7720545623620627 0.7868906669104149 0.7332668553744146 0.6674285749201063 0.6671320580097331 0.7019288573696966 0.5942294775532636 
0.12740038613649576 0.24929761916230095 0.22204127660996728 0.24866571538772958 0.11727966275133073 0.0 0.1887245942022868 0.15302286452569608 0.3089881036904285 0.23233841530292854 0.07426731780190146 0.16958802336116702 0.2616223240913373 0.30878314327869844 0.10171623576651088 0.13743332039371794 0.04105923980480987 0.11966838974127393 0.06181131938273534 0.06513139243538005 0.1358910669063712 0.07426731780190148 0.17763346031348778 0.1615787077916073 0.17051746071398907 0.24240307947180792 0.14336247685213677 0.11953640400545827 0.14334128023330858 0.21845327215315258 0.2315043646053079 0.12783089669861294 0.09915422257700593 0.09751604077628012 0.23233841530292854 0.20226532179599896 0.12126141116304832 0.23233841530292854 0.2900216680747735 0.14640677625235174 0.13053404168713925 0.433889758300393 0.25245948164665416 0.13179140533234313 0.06004450522203729 0.25169833087190974 0.07639593482298353 0.2298040022258504 0.07614879608177391 0.17591864086443376 0.512015424298286 0.46814536901571263 0.5379366576379517 0.5202061845706675 0.5262667452552741 0.462366432087621 0.48205078008180013 0.44748961184630365 0.49459358248381097 0.45552407928448296 0.5398757971955086 0.44895176701521167 0.5223777085207928 0.48585188954652225 0.3929698743824522 0.4786143958566451 0.460833839003787 0.4240737473121361 0.6014957165480826 0.456222299768819 0.5141422072287829 0.4452353879818614 0.5767810383336758 0.47592059065116477 0.46344886046412836 0.48251604049660507 0.545393695634857 0.5672444201997517 0.4832419718372679 0.40893080038782836 0.47034620008131334 0.4567575929723096 0.4335602353758435 0.5615895688939809 0.45960394709954144 0.4476723588476085 0.5103545331355571 0.5606501371626862 0.40617792043956624 0.48208715114316747 0.47482983052892314 0.46662280417341345 0.4567660534614967 0.4663043289996045 0.45854136237639187 0.400915700110283 0.42855241598862004 0.4523233645868357 0.4199563407134427 0.4380255506421457 0.7221409541914449 0.6010834000222837 0.7094102627938368 0.6096486252653031 0.6850247235923509 0.7909288790760023 0.5675427949506954 0.7166641830732415 0.6888869478892967 0.7630419583581312 0.5918308297779447 0.6323176338624397 0.6657520447136597 0.6364846036273724 0.676824031850521 0.6526355482737533 0.602312248418395 0.7874518254006673 0.8786999762221669 0.6212966726939223 0.7023822062081253 0.5908391109262162 0.8082031893496734 0.58934057022707 0.6506663331970217 0.66522758813043 0.5667690803919637 0.5460304612279777 0.6705525978703252 0.641942989278539 0.7331556903564684 0.7571571597345109 0.686969986194205 0.5466504189724032 0.5877262514884092 0.7969666954960334 0.6736580881536295 0.5882275994682101 0.5364998541601993 0.6578032852723005 0.7096155796401801 0.6753588207916937 0.6010834000222837 0.7088115261823957 0.7212184946680575 0.6770203887085682 0.6369846899054211 0.6147446282618868 0.6388692066388058 0.5525081934432362 
0.09137160203771481 0.11563852203547792 0.05976835115981132 0.08045577368770991 0.08781806044795672 0.1887245942022868 0.0 0.07259690283242082 0.13299690920214702 0.10454914417341589 0.1567983956692416 0.04680057564303519 0.11776057887118678 0.12740062605021235 0.25443168242625197 0.3141076940158449 0.1864779763229969 0.08781791542670878 0.21302790341168926 0.13179127430410142 0.14034852569717546 0.11639723390807777 0.06978335753049673 0.10586487125576947 0.06635513368445779 0.1255978614016157 0.07474219385596481 0.1075512590106198 0.10404390526339151 0.06235673613300813 0.08900152260106695 0.13731264616252484 0.2098634698606663 0.2536020937325167 0.10454914417341589 0.09018592674392725 0.15589339783169925 0.10454914417341589 0.1098298643511401 0.08841590659114017 0.07259675475944873 0.27827682785586916 0.06649278254545933 0.1063830547977851 0.143298703759142 0.10639760779810624 0.13535813199019447 0.056425937120825206 0.14262056781245253 0.07616901022894526 0.5977915536411222 0.5359060133154927 0.6133619047091187 0.4846427598502492 0.5698081290589303 0.4712778413388825 0.5520738823944465 0.36805398505299564 0.5483577603313602 0.429294785829146 0.45497736514272813 0.4819958085428933 0.4995948882811711 0.5209514229985819 0.3986164806183332 0.549925311490659 0.481084397716676 0.4242281689334744 0.5975773691645998 0.4318416557514465 0.5616527259026659 0.47064449454078805 0.595095041821446 0.5029154573202755 0.5098091336471612 0.5433893450061411 0.5989609920122088 0.6295700310341787 0.514142133908646 0.390725465056406 0.4336425792548775 0.4165838459544194 0.43518749751309027 0.5818362563054981 0.4703762822390233 0.5141420447354945 0.5804980687689816 0.5633353797069509 0.4230590692992803 0.4576107741452935 0.4583513058282656 0.5087343800436332 0.45201040928492386 0.3883516586537644 0.4536382799615917 0.42263308978810166 0.44322493958759424 0.4905716786359269 0.355501236268003 0.44458706691081273 0.7833138923448342 0.6158052602162383 0.7789426944527043 0.6533376429924379 0.7390670321711456 0.86955362890698 0.5293303096351955 0.7864434007932056 0.7236366675697182 0.8572134552629102 0.658018159940976 0.6679624841238975 0.7284238878039027 0.6374992932520698 0.6991002211466936 0.7135924913205376 0.6578377363949128 0.8988943913799667 0.9413658589788181 0.6127118829996198 0.7757521416336977 0.6035945055955159 0.880283400039653 0.6207576555711363 0.7256594475376563 0.7483927985961065 0.6003768512978899 0.5883994107996992 0.71189924864917 0.7163154975190958 0.8003577227579473 0.8751173264559314 0.7282589181473812 0.5836574151839168 0.606091673938789 0.8772828467294557 0.7405901238884222 0.6463913509853417 0.5750968157120789 0.7282474725555609 0.772801533654797 0.7445798985136171 0.6158052602162383 0.7794874562436885 0.7927579919685592 0.7361076379249847 0.6579799334014282 0.6697252198387607 0.7040925018576886 0.5878247991280587 
0.03201786600519778 0.10284355978426023 0.07426760728485907 0.10128737863499825 0.05150187774914198 0.15302286452569608 0.07259690283242082 0.0 0.16190453145620384 0.08155219243419105 0.10128728810500677 0.035176750143730215 0.10982982307857682 0.16241483704576545 0.20490183137089926 0.28300509764845555 0.1530229051511436 0.0407667405193591 0.1584743085857634 0.10539515583589477 0.07035350028746039 0.09252603119035337 0.09853633719365233 0.08409638124145612 0.05308389732149539 0.10145825118172351 0.05150211413235 0.04205718830293764 0.03517683850694159 0.07210804914168023 0.08347682849427855 0.08411455829330669 0.18157824280382628 0.2189384466573628 0.08155219243419105 0.05912194654609425 0.09018596743219537 0.08155219243419105 0.1442159294497817 0.016822742083707914 0.041170657093224206 0.29186150365718533 0.11470364132978655 0.1045492460006875 0.12126136915313482 0.10982989265249632 0.10284318282613986 0.08473859747913792 0.09098385459312705 0.027242426288856005 0.5615531273549431 0.5103547098109483 0.580789275204171 0.47647515479154406 0.5435744524156251 0.4568051287834467 0.5302531703496104 0.3726294501119642 0.5164076853252271 0.4297912627769406 0.45574970971270923 0.4664110415820791 0.476029375105495 0.4997542253980855 0.3868125635897408 0.5175224528489656 0.4720397619927966 0.401616592648592 0.5786998939296808 0.41717711569046173 0.5506626242186322 0.4472938031317097 0.5734334596290481 0.47826848707626735 0.4806728474804472 0.5127842419938164 0.5666205583491951 0.6035944857120596 0.49665394882416497 0.370838533646329 0.42198366388332287 0.40311736861155856 0.4167530377486114 0.566449972127349 0.46600573171879034 0.4979343377220617 0.5504825133834124 0.5390186881446907 0.4106752358841478 0.4489516556069421 0.447347050883896 0.48722202933808184 0.43404793466230895 0.3897972339778486 0.4418734260833803 0.405642096450602 0.4285425117358572 0.46511265926933276 0.35657777442864114 0.43019615871923383 0.7737479735738018 0.6081916657417481 0.7542286687054275 0.635518218954705 0.7234625052664638 0.8399030325528385 0.5384845262240144 0.7559170393781575 0.700860590948927 0.8362611570283748 0.6396044621151962 0.6502683120887275 0.7073511762399483 0.6331150586593552 0.6969862918433268 0.7007021210494061 0.6367624346069842 0.8695535836285662 0.9138566967345645 0.5972312597310611 0.7559082519384411 0.601024533512646 0.8488015398541572 0.6031986078736933 0.7058105884974758 0.7182655780300692 0.5843249737588043 0.5738035565801065 0.6966996788637941 0.6832246371544086 0.7700135088328971 0.8411299437616231 0.7143000109605684 0.5611794103590668 0.5863568686833316 0.8486904497938386 0.7301701185418024 0.6267389782966629 0.5623591510342766 0.7057162261657982 0.7568623183760478 0.7247548222213538 0.6081916657417481 0.7609528069468062 0.7779115683217784 0.7190564620586565 0.6422685591635349 0.6514806960009877 0.69414185478862 0.5767853399684848 
0.19181052392097195 0.08781791542670878 0.09156088684981412 0.06151829591435038 0.2034458208103282 0.3089881036904285 0.13299690920214702 0.16190453145620384 0.0 0.10180593313067747 0.26298264413679145 0.14446100831273484 0.07616883968446593 0.05004850272460696 0.3646107273278183 0.44017627981497187 0.30762105165106857 0.19346333108856495 0.3177930575157532 0.25727072412201624 0.2125291311715276 0.23931870264326432 0.18444443967389096 0.17531420768058578 0.1519266033599608 0.10604994318647006 0.17051768477521712 0.20283448896210882 0.1844775845208054 0.0932711249075701 0.08658359082878334 0.2165012794438249 0.3324907572962736 0.376641527063637 0.10180593313067747 0.12783101625135632 0.23931868965480832 0.10180593313067747 0.027242115843722853 0.17289351733554192 0.18399547335319288 0.1547546058515508 0.07639583480066281 0.20909822938008849 0.26575807702124665 0.07616894000486847 0.25664672728353793 0.08284321207676645 0.25255243376920256 0.14274704902687604 0.635205079171176 0.5725446134688941 0.6450715836070544 0.4532610397585832 0.5839130835219865 0.4762064238976191 0.5932174034918478 0.3190383826640933 0.5673817589518517 0.42214847047355775 0.3859887080348939 0.5045159402730962 0.4643638982226041 0.5368701529253538 0.41085339904227863 0.5820521711073199 0.5002623762889973 0.4190260914782365 0.5759942323660059 0.410334731576926 0.5951691595601548 0.480316716232985 0.5907994623410108 0.5107331097544948 0.5280786890821862 0.5693321312454059 0.6141254106925623 0.6558797247635063 0.5303987497261904 0.37520657596011997 0.40303032888782486 0.3829570585266293 0.433068814050707 0.5865596140427505 0.48765768355878725 0.5607450441018217 0.6120608235383571 0.5449495640600712 0.44187340339739645 0.438987569042245 0.44551379426496945 0.5310532525517591 0.44283872705978095 0.33451921023901415 0.45050816447491804 0.44130528073417036 0.45550610657413326 0.5073048696822738 0.3203253036967634 0.449808197444957 0.8198560723875258 0.6215234941976212 0.8063460194567126 0.671600747731079 0.7642928610821791 0.8973438028389988 0.5116590754337226 0.8087095408395011 0.7258820484405467 0.9070224819559646 0.6936135665264345 0.6782635695599925 0.7554120964213434 0.6331562079531792 0.7131283409189624 0.7483413429059312 0.6823340572034862 0.9541808197312686 0.9557616316994052 0.589764713413052 0.8113273641395066 0.6138232026321435 0.9006244003280365 0.629922261775375 0.7645906708511243 0.78331401233215 0.6141254753937987 0.6119762954551926 0.7277245606261166 0.7425054444015241 0.8198342831517269 0.9316636757121787 0.744591901156485 0.5955376440685395 0.6042210538322809 0.9068664357415996 0.7824009654355686 0.6751938873445154 0.5982519775910793 0.7601909251302021 0.8039431967445794 0.7774909579076301 0.6215234941976212 0.8142047483283417 0.831610915781093 0.7637509957628936 0.6579800224362721 0.6956351423508516 0.7463365075409389 0.6095695520411014 
0.10982965610114044 0.03713376318528515 0.0531700368384638 0.05642553085521547 0.1301709013988983 0.23233841530292854 0.10454914417341589 0.08155219243419105 0.10180593313067747 0.0 0.17503116611812997 0.08219558790863744 0.03201800919884343 0.11185264480258801 0.27583978895427075 0.36257185242177337 0.23233844205968682 0.11820697206067655 0.22865511418160522 0.18676465387040822 0.11774749862830813 0.17258872989906038 0.14743585577176566 0.11953636565084269 0.09130504408745 0.040766714255723285 0.10885915468739832 0.11563842952439597 0.0949748347090848 0.05010934121104084 0.032017768923798776 0.13615140489812733 0.2573410834722822 0.2966143346230378 0.0 0.05004856379545706 0.14640705879705426 0.0 0.09364953313212454 0.08660129463661341 0.11593086140441389 0.21965929781536747 0.09364951681320847 0.16277625865291592 0.19937590858343646 0.05976835202659169 0.18186826501635417 0.06265768697947333 0.16759724546343177 0.05976828384068771 0.5839129825354182 0.5328712654653265 0.5998462364486805 0.4566084825437872 0.5515854372237556 0.4586599501992095 0.5560453495179579 0.34193462726054985 0.5265831160316867 0.425489472615786 0.41359139718653676 0.48016422347671023 0.4508387380513043 0.5087342906429473 0.3931622870264144 0.5365847727169999 0.4838820929219484 0.3948653340428458 0.5648406233602685 0.40144702934321386 0.572459323748111 0.45170108207098597 0.5700923229970588 0.48107102050880907 0.4904357427449514 0.5278775718976197 0.5746796484309042 0.6200161240520743 0.5063881517292673 0.35743155016047196 0.4010068437375889 0.37942898255586616 0.41334358847619723 0.5694397391725522 0.4768119501157904 0.5273321515814176 0.5695597190466751 0.5258631723613494 0.42122132423670017 0.43664817437585046 0.437916102582912 0.5002621598515188 0.42631773035150083 0.3560250910971789 0.438820513822455 0.4154651062776568 0.4349337175168221 0.4740027025096994 0.33382712997943526 0.43216519898143607 0.7988528052326292 0.6131734816343306 0.7722129559623271 0.6474302438466839 0.7407613312590673 0.8577407514915113 0.529875105236289 0.7696449444282499 0.7024739243020146 0.8691195252251709 0.6629611146423681 0.6575177957337531 0.7253272244486632 0.632444108563603 0.7085639666472761 0.7243353080196121 0.6524581146362782 0.9048813575205945 0.9237135329552333 0.582841737518764 0.7796829991604033 0.6093252572403292 0.8616248399691161 0.6094996051258305 0.7313127941306424 0.740097369888532 0.5935752128788966 0.5892551358137479 0.7079823303720821 0.6988892526883368 0.7822291860549863 0.8767960881191158 0.7261863255813589 0.5679468202917186 0.5843019203925178 0.8681420818932938 0.7584031947088402 0.6452066166714738 0.5776269419241383 0.7267571567625946 0.7782478504698334 0.746965325695172 0.6131734816343306 0.7842139049651285 0.8042949609981576 0.7380901939284642 0.6432591906395206 0.668737140374212 0.7225097516320642 0.5912024814910032 
0.07210809224829068 0.19591477290086418 0.17380546648282538 0.20257466673998903 0.07259690283242079 0.07426731780190146 0.1567983956692416 0.10128728810500677 0.26298264413679145 0.17503116611812997 0.0 0.12658860299530048 0.20526190117853896 0.26032450426762205 0.1058650853877165 0.19051524126329436 0.07426740150789568 0.0763960755322808 0.06513150975648316 0.06181144300549774 0.07843735004730137 0.07137370651601842 0.14623128423369255 0.13743330927374597 0.13268447841577566 0.18930261182786087 0.11362914455265538 0.06065593105713197 0.0834767558847933 0.17289370560698114 0.1822569271758157 0.09098385459312706 0.10934879021443442 0.1277014678829642 0.17503116611812997 0.14627307676134588 0.05702270898928485 0.17503116611812997 0.24479461635612548 0.09098385459312706 0.09018599567509007 0.38573269081674155 0.21128606564093586 0.13179163725264129 0.08612105004957957 0.20526193840557888 0.057351860183957264 0.18476295672153592 0.01682274208370795 0.12174531012070586 0.5366197194018284 0.49665401036625023 0.5621563227439358 0.5176816823087995 0.5428581264492681 0.4754001572567757 0.5155726539651122 0.43541054507816757 0.5097194672906579 0.4660429093515364 0.5210142769355725 0.471915500675842 0.5099705434723272 0.5041941483843054 0.406696222758742 0.50106007038834 0.484539751967091 0.42448425590383215 0.6031843835465204 0.4528765236174568 0.5484095295394097 0.45645352852509574 0.5865473265582024 0.4868457898690338 0.4782379952524007 0.5022589897533334 0.5599003152449133 0.5927720131269809 0.5033752824530603 0.4031090368176208 0.4639130734605235 0.446820702317499 0.4388326451988964 0.5789891145050149 0.48337018138776394 0.4853420685281604 0.535035234798305 0.5598162855167965 0.424983980524695 0.4846463106704648 0.4791901682918278 0.48787512276483846 0.45946624416319 0.45191597103095227 0.4676230069449004 0.4174190297617623 0.44402977859658915 0.4674646082739223 0.4117384111254702 0.4498923413592302 0.7637621772910603 0.6235287469694458 0.7394977547023708 0.635462586436949 0.7176200309474347 0.8198248217836034 0.5804089514198638 0.7407422238382038 0.7052383212530309 0.8075523721125438 0.6269235093359262 0.6543358198929364 0.6965155738050253 0.6554624161228135 0.7077147852547372 0.6907870428936828 0.6301165847818818 0.8306442330322011 0.902678314617466 0.6246208184539506 0.7391076999308775 0.6171134191222079 0.8321759656963441 0.609441667732608 0.6883015413567283 0.695698277319765 0.5894486178248073 0.5743582079891145 0.6977651899086362 0.6652276685374394 0.756151996542142 0.7980086675186192 0.7153393064676296 0.5645106258255672 0.5997780827316618 0.8274581654395756 0.7169201370079862 0.6187290726669649 0.5649324923677227 0.6904628454033526 0.7457025371502529 0.7099106291230634 0.6235287469694458 0.7457855849605598 0.7620609116912793 0.7099961633649298 0.6540036206019341 0.6449865188920617 0.6818526801618588 0.5812454803875995 
0.06004425070126362 0.10436899982690137 0.06146884904547347 0.08347682849427854 0.06403579403199279 0.16958802336116702 0.04680057564303519 0.035176750143730215 0.14446100831273484 0.08219558790863744 0.12658860299530048 0.0 0.10605023140055543 0.14329909480214195 0.23002319651162817 0.2987533633358436 0.17205532386661374 0.06513137056228857 0.1839954733531929 0.11609294301324317 0.10145794992308821 0.10454902673694207 0.08644256877980849 0.09497460084135625 0.03079450555670382 0.10639760779810625 0.06065593105713197 0.07259675475944873 0.07035358865007563 0.05319885177795987 0.07570321753260408 0.11331733580310313 0.19097680480461512 0.23461114216117498 0.08219558790863744 0.07324618178278255 0.124308418304963 0.08219558790863744 0.12515937624529788 0.051501817395297224 0.057912796940543056 0.2849242026666215 0.08957432941060707 0.1093490697336663 0.12740026617964798 0.10605030345406248 0.11285133255414367 0.06403603268778343 0.11362918938428311 0.046800526660754474 0.5766079408248985 0.5207935844403478 0.5940517404311122 0.47818186852201033 0.5542188307354018 0.45990289235019777 0.5388682066955085 0.3676477919123801 0.5286721797632056 0.4279771716550134 0.45247162738348523 0.4725201361619762 0.48362535612050156 0.5066564167783545 0.39144378828291637 0.5312253377634332 0.4738451566087609 0.4075666682801823 0.5859978709971725 0.4207241752980226 0.5547079894429722 0.45661066978285375 0.5810464584267295 0.485476245134263 0.4921705795415692 0.5255345091648195 0.579412500733493 0.61435558416743 0.5028926371489753 0.37744970099285097 0.4244066465556964 0.40591271640083837 0.4229884847842364 0.5708213793230777 0.4654083793521018 0.5041571821354157 0.5628229499481164 0.548072860596405 0.41376898507242316 0.4507625930817569 0.4482251514983298 0.49451236007821736 0.43979886606300017 0.38650501237880047 0.44451323592744185 0.40989931912447936 0.4325744164542671 0.47460635129009776 0.3554661359657906 0.43445530010117056 0.7779183358591603 0.6104133782391072 0.7645906988342012 0.6412467088802347 0.729763348094755 0.8516808334300726 0.5326809527881338 0.7671830266882217 0.7089613484558221 0.8460386308521385 0.6478622855762008 0.6572115768416048 0.7166104633541088 0.6345240486396362 0.6989258051274603 0.7071503669454202 0.6444029334619255 0.8814578222317012 0.9249632719440631 0.6015541399637649 0.7650442632459734 0.6017435176662956 0.8609927477226273 0.610440508787603 0.7140027648749809 0.7297703832445948 0.5910189656056221 0.5794613836228489 0.7027349619345384 0.69561248951525 0.7820700249260647 0.8551259045656759 0.7201878156803899 0.5685859000734358 0.5906472990004397 0.8616172739719213 0.7351614360381818 0.6336074973127579 0.5673195568075581 0.7159350711358703 0.7646454472040612 0.7351390218002417 0.6104133782391072 0.7690195834247165 0.7853520035899909 0.7278236125262055 0.6489123413680314 0.6594300831940676 0.6988821602172355 0.5801041006819113 
0.13821431191841485 0.03032775556604104 0.05976830854337573 0.05010943374047465 0.15713892678382543 0.2616223240913373 0.11776057887118678 0.10982982307857682 0.07616883968446593 0.03201800919884343 0.20526190117853896 0.10605023140055543 0.0 0.08957438628157588 0.30501905459758094 0.39187725585603184 0.2600063531140251 0.14496044599662236 0.2591770926997473 0.21436667650704344 0.14819525119254506 0.19896070055942777 0.16241460366642319 0.1393366333443689 0.11601448817227167 0.046800412369252475 0.13218502661364065 0.14556665313546427 0.12390857918678899 0.06235669528555247 0.04117058285269828 0.16190457865248992 0.28580262459357997 0.32588283505010596 0.03201800919884343 0.06882854898661664 0.17472550341885423 0.03201800919884343 0.0725967547594487 0.11609316724861804 0.1403704464208182 0.19079156669726127 0.0884160154752571 0.18273538646099585 0.22730098596653034 0.05046883187589509 0.21061537844218942 0.06569558644890933 0.19753320315140885 0.08660126816602669 0.6015671145444159 0.548691944352408 0.6158945009090675 0.4560620473468595 0.5630631465839698 0.4673582260675405 0.5722119335923922 0.3358911423274211 0.5402989500697499 0.4286350283589367 0.40355261665117215 0.49158859554975537 0.45201037378421216 0.5204079295719052 0.40179874432732926 0.5524925584826983 0.4941434130704486 0.40301723195892564 0.5677045529662157 0.4044296977465022 0.5853399678728533 0.46184304124946307 0.577475889091936 0.4921073217056486 0.5033846966723343 0.5423467303534908 0.5875115631329038 0.6338262185826482 0.5171608157249752 0.36215686153820115 0.40144718652161293 0.37961687268236827 0.4206372602886888 0.5779318994115512 0.48605909086291216 0.5435745622067958 0.5851113534269602 0.5304756587559847 0.4319956988854238 0.43898749291120714 0.4426459054881159 0.5131655414114529 0.43216522469621804 0.34921327261896556 0.4451363941594918 0.4272948531269297 0.44481842388220383 0.4862257316951806 0.33032937934895634 0.44042998058751726 0.8118777373067794 0.6201559074294698 0.7859956925234067 0.658944933905802 0.7527263161758375 0.8726401411083475 0.5295975943249647 0.7839203802866502 0.7114094869325713 0.8862696668041788 0.6770959561357051 0.6669024343492719 0.7382648403544442 0.636610827409264 0.7155054761747422 0.7371964467871247 0.6655365767920421 0.9249632719440631 0.9354850860537791 0.5855507466076758 0.7939619373853442 0.6161241436700035 0.8754476845802923 0.6184739324787354 0.7466122841677348 0.7566666092264656 0.6031986234616907 0.6007748936808859 0.7180347898953879 0.7143373506742384 0.7955698007430974 0.8977850403686107 0.735990189365582 0.5790326928261943 0.5928731380950427 0.8825897244704617 0.7723895833674896 0.6589662109240059 0.5887146949161224 0.7407699904596049 0.7909003600671275 0.7601902381438276 0.6201559074294698 0.7983212987274021 0.8182309480201924 0.7500095288582885 0.6499740516662923 0.6810392742915958 0.7365073732227077 0.602095238298536 
