0.0 0.092978521605 0.05651584584399998 0.09471017974278 0.005015373456999994 0.08850426984600003 0.045524503086999984 0.005589944557499994 0.20061693827199994 0.06577517048328 0.028352459989500013 0.019659188826999997 0.10416666666700002 0.1942140599695 0.16472117041300002 0.35126929332300005 0.08390787053550001 0.0034722777780000014 0.09544899206850002 0.0352968488785 0.02253207540150002 0.028352459989500003 0.05124495613349998 0.05030983095694501 0.03172474125450001 0.0906470900615 0.021202534505999994 0.002117805668500003 0.005015429012500002 0.05823952524649998 0.07174257216028 0.03182465443400001 0.130590000113 0.19483022530900002 0.06577517048328 0.03509132782049999 0.025266068066500013 0.06577517048328 0.16299716991849997 0.004046765545 0.005589993992499996 0.5596022594244999 0.10744147547399996 0.059397173395 0.05950271347650001 0.10416675000050002 0.0335482166045 0.06983003086449999 0.02063645381700001 0.015432073456944995 1.7140317339360451 1.4310000681944999 1.8461829787962798 1.3332249758184007 1.6477512231225 1.1979743892247958 1.5423494827014448 0.8559462603615 1.480698877486296 1.0828584251487499 1.2583915125695 1.222823075193645 1.3224221263926852 1.4050036603498839 0.8618006921767958 1.467710339238825 1.2643330404165 0.93890752440918 1.9124808033794802 1.026144699222705 1.6830831402150002 1.1329933003802397 1.8600717899074999 1.2973645825721838 1.2891368226152957 1.451121406523045 1.780304856881545 2.0077311590655 1.38894723733008 0.812404111335 1.057020255329125 0.9709889631462201 1.00415474551905 1.8143338149735797 1.2396416762190001 1.36116909844108 1.6631058820842801 1.659454236195296 0.9643704688964758 1.1804469202629009 1.1702566929428453 1.329464097684384 1.0924841424419502 0.9311774177690001 1.1313873344954408 0.9400294239589901 1.0511403591869408 1.2150623633557758 0.7755561800090001 1.0646789380324757 3.2886600831754444 2.087867692134 3.1210219892710005 2.249614354943 2.8904893518690002 3.858362096855 1.6867855311570001 3.1402930457870006 2.743498453721 3.7900093175335 2.2452745347265 2.3603851183314997 2.7520822555155 2.272391359683 2.7128680254675 2.6971899794425 2.2439798851450004 4.0772538695069995 4.593717409837 2.04322530968308 3.1248382355645 2.0375401263270003 3.952253119507 2.0371557899075 2.7247622349474447 2.8164382720644996 1.9099347272519802 1.833837756444839 2.6979171358075 2.5602424876714998 3.2591446817309997 3.8024956631805003 2.833333302474 1.7657226427514998 1.949073593702384 3.930441357657 2.9197535493875 2.17106349070078 1.7648733556470801 2.7283046498677805 3.1446763154367803 2.8733608038622798 2.087867692134 3.1719473689005 3.3080951516139447 2.842764698853 2.317530720794 2.3439221803345003 2.6407265603614802 1.8610163773195 
0.092978521605 0.0 0.020636308806999997 0.017935593322979997 0.126543234568 0.338890189599 0.07291683333400001 0.05767358344650001 0.042052225308999984 0.00751900998948 0.2092941575205 0.059397173395 0.005015373457 0.0641985754015 0.47452092658600004 0.7937851390019998 0.33429379028850004 0.09645079938300001 0.32963133774750003 0.2324421204835 0.09930702293250003 0.1907756204835 0.1480815086025 0.073843838673045 0.07146272582250002 0.003841451172500002 0.07328617339500001 0.10126920998950002 0.0694447222225 0.022359988209499998 0.007313640061480001 0.10859960196500003 0.438074904434 0.555555777778 0.00751900998948 0.017730327820500002 0.1429360094245 0.00751900998948 0.03915456806649999 0.062303176039 0.09239574399250002 0.19887681806649998 0.053043512510999986 0.14620292339500002 0.2566479850815 0.005015456790500003 0.2306934882095 0.0277777222225 0.195405379743 0.032793309568045007 1.8201273882570446 1.5000587595525001 1.9113834726234802 1.0342279171764008 1.5840938249745 1.084934373792796 1.6399575274545448 0.5546342387565001 1.4579364731652957 0.9042316905807499 0.8243635125694999 1.1915729363046452 1.019567081331085 1.3513770499536761 0.7773099051397958 1.520565178745025 1.2145643644905 0.79731775280418 1.6219714126388798 0.802765051074705 1.7212776402150003 1.044644578873032 1.6799019874385 1.2090158610649764 1.2540287639732957 1.463081113313045 1.735165995770545 2.0258636374605 1.3291478033794801 0.629919457014 0.792745307798125 0.7067140156152201 0.8625649739140502 1.6850897421339797 1.177527345972 1.47498105337948 1.7159607215904797 1.4098397948372958 0.9146017929704757 0.9508945005099008 0.9754263843008453 1.3105595983991762 0.9161722597259501 0.6013161677690001 0.9774519085694408 0.8964336307489902 0.9728224548659408 1.1676085837261758 0.521312340503 0.9516389226004758 3.3862681279285445 1.946277920529 3.1638457763080003 2.208333413585 2.896276175943 3.9320500752500003 1.42019603733 3.1607404871450004 2.588019959894 4.0473394872865 2.3205059976895 2.2558324208005 2.7763876166265 2.055184594251 2.6060007816404998 2.7662486708004996 2.249766709219 4.434892869507 4.534689409837 1.7403702646214798 3.2247610071694996 1.918327228179 3.962669758396 1.9264302096605002 2.8470615883425445 2.9348795807065 1.8277588365113802 1.8149332571596313 2.6280869660545 2.6092391574244997 3.2510427835830003 4.1724803175015 2.763503132721 1.6897195902825 1.7912802333061761 4.010302218768 3.0520839969185003 2.20539990428098 1.7397960328074802 2.79350514369498 3.19753115494298 2.93856129768948 1.946277920529 3.2656973689005 3.4303945050090445 2.8608971772480003 2.137360918325 2.3497090044085 2.76688416962088 1.8297662384305 
0.05651584584399998 0.020636308806999997 0.0 0.00731362339478 0.070018926091 0.268837696874 0.019478938437000003 0.030076105493500004 0.045713314979999996 0.015415465987279994 0.1647212382095 0.020603115524999997 0.019478910659 0.044350664135500005 0.409525308807 0.6705083956169999 0.2596449660495 0.059988123621999984 0.2919862431705 0.15546180302449997 0.09869900242950001 0.1276841641355 0.062269559969499996 0.06860625891094499 0.03611592506250001 0.0329488254015 0.046837769846 0.07212852524649999 0.05304379028849999 0.005170936512499998 0.010186398858279995 0.10569343265400001 0.325600719691 0.446562160659 0.015415465987279994 0.014463481646500001 0.1300156790125 0.015415465987279994 0.0277777222225 0.04087846969099998 0.0486112222225 0.2908951049385 0.013888777777999997 0.105865658735 0.1842639991365 0.0194789939925 0.15486224515449998 0.0021177162145000006 0.144659688827 0.017935701090945 1.980535139524045 1.6211313990485001 2.08180545165828 1.2189998702462008 1.7680439215905 1.2183527787207957 1.7432665219314445 0.6804366646275001 1.6341705913862956 1.01378041431895 1.0141926149734999 1.306112006052245 1.2490920202032851 1.4978960365034686 0.8803247949107957 1.672896063642825 1.3140321644805 0.94620160526238 1.8695874422582799 0.964782805676905 1.8149333454630001 1.1970088412996245 1.8966204368435 1.3694237087257688 1.414469970763296 1.623128187717045 1.9399328121295447 2.1989779976895 1.46719581756688 0.7796249050969999 0.961330230610125 0.87414985385382 1.00915066061525 1.8578101255323798 1.264649491641 1.54358442867788 1.8717388635982797 1.6485906933152958 1.0094732411076757 1.1078885646907008 1.1231279154948453 1.4420406494339688 1.07779588872175 0.7471803374670001 1.1151391912800408 0.9986270461755902 1.0889047314035407 1.3157040695285758 0.642124135807 1.0804609756756758 3.504515225249445 2.106652605162 3.371993216509 2.377539840503 3.0662375787769998 4.179105295433001 1.545898463863 3.399718885403 2.8397714892710004 4.1806244590115 2.4546458891125003 2.4555423622135004 2.9614202993875 2.236015155097 2.7524864384954997 2.8965139733245002 2.416280854943 4.578158657921 4.846920380957 1.9813860458378798 3.3904867214545 2.050169081905 4.244824657921 2.1153709368435 2.986552737195445 3.1225710891385 1.99548862324078 1.9498615653044238 2.8173551367995 2.8224104059374997 3.507784631851 4.324644503126501 2.952771303466 1.8670694384954998 1.9898077411859685 4.257784881851 3.1518457849474997 2.35185231728878 1.86740244299388 2.96967252864778 3.36365106828078 3.11128142553228 2.106652605162 3.4275484942864995 3.569885653861945 3.0363097201829996 2.355228442134 2.5127758930225 2.8581749366722797 1.9546470557795002 
0.09471017974278 0.017935593322979997 0.00731362339478 0.0 0.11207132418698 0.33717437226498 0.03529694887858 0.05594140864208001 0.020636276038779995 0.017360972222499996 0.22376543456808 0.037997464362579995 0.013691837149979996 0.030026249751479998 0.50864301429058 0.7874228993827798 0.33717444006148 0.09818245752078 0.36263768152428 0.21219123642027998 0.13231348337608 0.17746917530908 0.10116921347647999 0.086017074116945 0.04661565798508001 0.028738090288480008 0.07040489028858002 0.11111102222228 0.08738011554508 0.00558994399228 0.006747364362499995 0.14390427901258002 0.40624991666677995 0.54571321554498 0.017360972222499996 0.03333447293228001 0.18285379438228 0.017360972222499996 0.011943288209479996 0.06983013086457998 0.08601738080228001 0.22953590672828 0.011943271542779995 0.13637720139978002 0.23180063391128 0.013691920483479999 0.20929349584427998 0.004046798878280001 0.20061752716058 0.03915477418694501 1.9806968297348249 1.60737113985628 2.0673398395244997 1.1264531033982808 1.7272940654950801 1.1552100189113759 1.728767930969445 0.59240337094748 1.603451571093076 0.9420504307736299 0.8968715294422801 1.269925498546325 1.165032754590165 1.4494468693557112 0.8417238914885757 1.663748729028045 1.2616918355354803 0.88839353722156 1.7802099059058598 0.891509520897185 1.77884651356578 1.157702659685967 1.82196984322808 1.3140301193558115 1.3844727947800757 1.6039500228550247 1.9038457080101248 2.1690969590224802 1.42025663183166 0.72557524796078 0.880324292074605 0.7954421183634001 0.9559389918849301 1.78319284798636 1.2061363910909801 1.53136752072046 1.8556969130685 1.5715422210460757 0.9663257514618557 1.0292307256205808 1.042221706805625 1.4028340872144112 1.0153416015038301 0.65528903514478 1.048860148589121 0.95626776706467 1.0396010300704206 1.2795340886073556 0.57410273520258 1.0265110551654557 3.460139987921445 2.0258625337889797 3.3337738733069804 2.3145796045737796 3.0117981034659795 4.14023049448498 1.4372312120785802 3.35153514851778 2.75678259112058 4.1825618639774795 2.43018282391228 2.38867422800148 2.9231346251764805 2.1405480639605803 2.6786408726780797 2.86436811689028 2.3687359955469804 4.595627715624779 4.77645960545178 1.8743447565534601 3.3645799676342802 1.97474710989458 4.19284924340258 2.05460918767248 2.961417658992445 3.0990289045882795 1.94088317097336 1.9037603871698663 2.75053689222808 2.7895756590214797 3.4603392639775805 4.355180948350281 2.8859530588945796 1.80865582946808 1.8998413762932111 4.23348754360698 3.12360782679608 2.30816557209 1.82051306356586 2.943715935187 3.326925270006 3.0922194479865 2.0258625337889797 3.39395894923228 3.544750575658945 3.00183224830698 2.2782796658125797 2.4721256495414803 2.83144702037186 1.89777674798648 
0.005015373456999994 0.126543234568 0.070018926091 0.11207132418698 0.0 0.075001189599 0.04205236419800001 0.014463348878499998 0.225694138889 0.09239544455748 0.028738157520499994 0.022359821543000005 0.134645021605 0.20926045811750002 0.156619161154 0.31230328715 0.0704047902885 0.008487651234999996 0.0981494858955 0.019478972335499996 0.0437510229325 0.0194789723355 0.0338840394665 0.069214040525045 0.034425373970500016 0.1272982166045 0.030075938827 0.010219592705499995 0.020061604938499993 0.07174260549349999 0.09527648820948 0.05304360196499999 0.09702528715000001 0.163580308642 0.09239544455748 0.057853593252499995 0.042627040288499986 0.09239544455748 0.1811299816465 0.016006527890999992 0.0075190094245 0.6294323180665 0.11168542609099999 0.06132618882700001 0.04368483693350001 0.1346451049385 0.017730340061499997 0.0802467530865 0.017935793322999993 0.031249925000044997 1.798521770973045 1.4969717904165 1.93453102447548 1.4339189480404009 1.7445869422585 1.2701190219407956 1.5982903774545447 0.9311774733245001 1.5736766213132958 1.14651557329675 1.3644867780015002 1.2872517017366452 1.445492410960685 1.482549440028346 0.9239145224237957 1.549885613313025 1.3195024817745 1.02108298737218 2.04172385955248 1.116036168358705 1.733622905647 1.217483468947702 1.9715679874385001 1.3818547511396464 1.3759417948372956 1.537154761461045 1.886399761202545 2.0968508720285 1.4634066330090798 0.898437605162 1.150769838662125 1.06473854647922 1.08633020848205 1.90268207176358 1.288638345972 1.40090638300908 1.7452811561584798 1.7848392948372958 1.0195399102544758 1.2672520313739009 1.250117415164845 1.4000654884738464 1.18160399429395 1.016439433201 1.207390025853441 0.99828527889699 1.1163406030139407 1.2956945306397758 0.850015692355 1.1368235707484757 3.3446009779285446 2.170043155097 3.2224872454440003 2.333332913585 2.9734362932269995 3.975259309818 1.755072271898 3.2548755180090003 2.867340194462 3.8528944872865 2.3143326149735 2.4610789516644997 2.8442883820585 2.365369242399 2.7880990162085 2.7631617016645 2.326926826503 4.141682134939 4.741478675269 2.1662955942510798 3.2062418590215 2.106598345463 4.0861255238280005 2.1347632096605 2.793048672910545 2.9071010807064996 1.9975112834249802 1.9044391472343014 2.7916664969185003 2.6647941574244998 3.383757900867 3.8730967002175 2.927082663585 1.8563855902824997 2.0474526233808463 4.0504249842 2.9687499969185 2.24397963514498 1.8323883624370803 2.8166526955469804 3.22685158951098 2.96170884954148 2.170043155097 3.2502646343325003 3.3763815895770444 2.931884411816 2.4290269183249995 2.4268691216925005 2.6866366165344804 1.9254450038625 
0.08850426984600003 0.338890189599 0.268837696874 0.33717437226498 0.075001189599 0.0 0.194213643303 0.1276836796725 0.5206025044139999 0.29435050189448 0.030075871030500002 0.15682420386900003 0.373226380957 0.5199120732105 0.05641613040500001 0.102992787697 0.00919273082450001 0.07808751984600003 0.020833333333499997 0.02313148214150002 0.1006942222225 0.030075871030500016 0.17205697648450002 0.14236098888904503 0.15854788327150002 0.3204047902885 0.11207112362199999 0.0779153648575 0.11203798589550003 0.2602195032515 0.29224097053548004 0.089103426586 0.05360992041300001 0.05185311552500001 0.29435050189448 0.22308254707150002 0.08018035428150001 0.29435050189448 0.45865235428150003 0.11688131547500001 0.0929116783555 1.0265533697135 0.34754104872600006 0.094710234733 0.01965935549350001 0.3454485754015 0.03182462053550002 0.2879638099695 0.031619050043 0.168751039599045 1.429515350349945 1.1950448321615 1.57792012559148 1.475617364171131 1.5102004336835 1.1657229006590257 1.2670924843005449 1.0919145442065 1.3338889929215256 1.1314761731131502 1.5893167175365 1.0990617797311448 1.487962570982385 1.2871540488396613 0.8420565356490258 1.249091489788925 1.1580077303095 0.9806307573061799 1.97282159327268 1.134947450891205 1.4414157070829998 1.080941238586847 1.8140309144805 1.2350704321731611 1.1711873481125257 1.2695395811469452 1.621970540416445 1.7545397024545 1.27336242537128 0.911847853339 1.206307462192625 1.13761231873922 1.02499470459465 1.7197321086597799 1.151834903149 1.0928065642602798 1.4202561818314798 1.713983356434526 0.8996122455567058 1.2672836975046309 1.2294156157149452 1.1872841043951612 1.13765446295755 1.185663988651 1.146515073537171 0.8764534655335899 1.0014531352656708 1.1156315258902056 0.961680966509 1.046216640618706 2.843588085564545 1.9701178395239998 2.7442120617329997 2.0266648374669995 2.558793431441 3.411124740230999 1.756385989569 2.8006196732989994 2.587728135145 3.1748234128124997 1.9099319969314998 2.1801848720284998 2.4168391803344997 2.209014366035 2.4978955617464997 2.3225452609175 1.9781814488529998 3.381198931699 4.210211995003 2.10484824936828 2.6901081276455 1.9035364916410003 3.561753459477 1.8938928867025 2.308550647398545 2.4130328744534997 1.7516003941201799 1.6257601623527163 2.4518191553685 2.2470651042805 2.9309955177509996 3.1260419502495003 2.5733464609239998 1.6294540031044997 1.883531613117161 3.463403415899 2.4745816708004997 1.88674640070498 1.5695022817742799 2.3594719094179792 2.74580074610898 2.4870922142154797 1.9701178395239998 2.7395818302515 2.836327952954045 2.499345126327 2.212486977146 2.0606878948455 2.22559761065268 1.6645627839684998 
0.045524503086999984 0.07291683333400001 0.019478938437000003 0.03529694887858 0.04205236419800001 0.194213643303 0.0 0.028738157520500008 0.09645079938300001 0.05960239332308 0.1340620834465 0.011943321542999995 0.075617549383 0.08850460317950001 0.35299220436400003 0.5379970371499999 0.1896172439925 0.042052225308999984 0.24745470811749998 0.0947100464095 0.10740844885850002 0.0738767964095 0.026553786380499995 0.06111199793284499 0.02400887397050001 0.08601758080250002 0.03046171969100001 0.06307448776749999 0.059027722222499995 0.021202617839500004 0.04319342154307999 0.10281200011300001 0.240157654434 0.35069405555600003 0.05960239332308 0.04435067967250001 0.13251900942449998 0.05960239332308 0.0657754199185 0.04262687974299999 0.028738040288500008 0.4222569662145 0.024108586584999998 0.061711719691000005 0.1119714387855 0.0617286049385 0.0999059696915 0.017361222222500004 0.11091417603900001 0.03163583919784501 1.948598141034845 1.5660297039965 2.05142825410508 1.280755392761536 1.7704351212705 1.211090997525931 1.6619468811583449 0.7386620443125002 1.639648374676431 1.00492572113655 1.1287618366434997 1.266803510378645 1.3610018239234851 1.4798482806557312 0.8664295103549311 1.649036064856425 1.2620172163425 0.98134505836018 1.94720205337928 1.016884902926705 1.7201189365110001 1.2078380323824223 1.9310583578084999 1.3791538084334314 1.4172222395584309 1.610070792016845 1.956229544844345 2.1612789707945 1.44141529597188 0.832465355162 1.025384085576125 0.9462972656152201 1.0327032766922501 1.8459685402823802 1.2064617718980002 1.4414147959718802 1.83748707714608 1.730440974126431 0.9759436759636111 1.141866198317036 1.1455648537450451 1.4112531068792313 1.1140882847261502 0.8223809918430001 1.122127291562576 0.97397930389719 1.071201356377076 1.312283533385711 0.689136044207 1.0777955463336109 3.345756981632345 2.067804726085 3.3085199059380006 2.327545061733 2.978450555573 4.123020353028 1.527834315108 3.3725444315890005 2.855379682116 4.0068279409905 2.3610136273195 2.4329146708005 2.8932841907005002 2.2160632423989997 2.6650270038625 2.7766636708004997 2.359719061071 4.405955193581 4.832141261688999 2.04708247943588 3.2814719886515 1.986613080031 4.225399332469999 2.1011976355865 2.871365266120345 3.0540907288545 1.96548897725178 1.8878487350838864 2.7635021327205003 2.7978951111284998 3.492939107657 4.1759500952795 2.891973827165 1.8575424606525 2.0030849640082313 4.196642848398 2.9907393672885 2.27831520428058 1.8034523031778802 2.89188292517658 3.25655701049858 3.0230501347270797 2.067804726085 3.3131492207525 3.426920210564845 2.954645510582 2.360739316473 2.4457724118165003 2.70322486591728 1.8841633125045 
0.005589944557499994 0.05767358344650001 0.030076105493500004 0.05594140864208001 0.014463348878499998 0.1276836796725 0.028738157520500008 0.0 0.1429357099895 0.036265529012580004 0.05594130864199999 0.006747364362500007 0.06577537048350002 0.143838165801 0.22893617108049996 0.43672821604949996 0.127683747469 0.009062222335499996 0.13694319819099995 0.06057090123499999 0.026989457449999997 0.04668212345699999 0.052943855452000005 0.038563580598345 0.015365557985000017 0.056130314980000005 0.014463481646500001 0.009645021604999995 0.006747398260999996 0.028352426091000003 0.03799746436258001 0.038580253086499997 0.1797837160495 0.2613766575205 0.036265529012580004 0.019059880957 0.04435071969099998 0.036265529012580004 0.113409438827 0.001543179012499995 0.009242688827 0.46448999746900005 0.07174260549349999 0.0596025094245 0.08018029872600001 0.06577545381700002 0.05767316065899999 0.03915482418700001 0.04513894444449999 0.0040468238783450015 1.719508929117545 1.4202571651650002 1.83933108767258 1.2379504287070007 1.611167930927 1.1378491189112958 1.5331663633768449 0.757141561071 1.454146387759796 1.00725144682315 1.132597337467 1.186206723237845 1.2356351138492851 1.3618700981728462 0.8158754735872957 1.460431285818125 1.215010134301 0.87952062734508 1.82612095652298 0.948994486329105 1.6534609215904998 1.090959171836302 1.7930351173019998 1.2472866315061464 1.2598589200887957 1.433811556188545 1.750682499368045 1.986612949146 1.3450255077575801 0.7498811646275001 0.9709883340501251 0.8861061603389201 0.94706608200845 1.7496285405790797 1.1841459984985 1.35196947997958 1.6523794698585799 1.5842743117867957 0.9196440502273757 1.0990612342625008 1.091218932114345 1.2944240326983463 1.02730197496055 0.8285147431694999 1.0646785473546407 0.8972403003981901 1.0014068467371406 1.1796116558912757 0.6933160833505001 1.0091501551653757 3.2645384203288446 2.0169896239125 3.1019072461465003 2.2023114953145 2.8540054022314996 3.8466354846085 1.5811358688685 3.1158102738265003 2.6784652479105 3.813349271385 2.230723306011 2.3057271699769997 2.7283048498680005 2.1856872639605003 2.6489344294679995 2.677254142199 2.2109432943125 4.123019923649499 4.5538522134765 1.94494711581258 3.115737832449 1.9697319753265 3.9285750347604997 1.98400789508 2.7164334741158447 2.813149695329 1.86179402159048 1.7953503326538012 2.64675630087 2.545363266429 3.2331021294094997 3.857881847733 2.7821724675365 1.717221003542 1.874764705110346 3.9275467682985004 2.9071728008699997 2.1418849807320806 1.72444865615858 2.7157071833350797 3.12360782679608 2.86421069613458 2.0169896239125 3.1574623572569998 3.2997663907823447 2.8193482384305 2.2493449398865 2.3143329483070003 2.62735767098898 1.814057972678 
0.20061693827199994 0.042052225308999984 0.045713314979999996 0.020636276038779995 0.225694138889 0.5206025044139999 0.09645079938300001 0.1429357099895 0.0 0.056515674187279985 0.37711769455750005 0.11379521969099998 0.031635697530999984 0.0136585599695 0.7249058741169999 1.056515824187 0.5160061051034999 0.20408921604999994 0.5506955229324999 0.3609137871505 0.24629730996950003 0.3123028982615 0.1855042524295 0.16759341922894497 0.1258607721185 0.06132585549349999 0.15854829993800001 0.22433980566849995 0.1855709290125 0.04743699438249999 0.04087840302427998 0.255589889002 0.602812000113 0.7735335216050001 0.056515674187279985 0.0891035932525 0.3123028643625 0.056515674187279985 0.004046731646499999 0.16299720381699997 0.18460225942449998 0.1305899939925 0.031824537202 0.238409438827 0.3851196517485 0.03163578086449999 0.35916515487649997 0.037422827160499994 0.34779701554500003 0.111110988888945 2.2001417339360447 1.7874808644905 2.2690212170682797 1.1202617721144008 1.8591701922585 1.2365544200887957 1.918891867269445 0.5550199640655 1.7553894083502957 0.9717469251487498 0.8124037780015 1.3879458406256449 1.175816720219885 1.5716696088397235 0.9204421613127958 1.847338842942825 1.3646410095525 0.95742522811318 1.80908513177468 0.918119668358705 1.931539405647 1.2579927488700795 1.9032810244755 1.4223640310620238 1.5206176189112957 1.767478437387045 2.056538622313545 2.3456928627695 1.5340083311572799 0.7676506421989999 0.885723551625125 0.79969225944222 1.0226724492230501 1.8760614088007799 1.2967399107870001 1.71456369226828 2.04273438578828 1.619329970763296 1.0646784380324759 1.0508172165589007 1.0822934892388452 1.5377965461742238 1.06933534614595 0.6101896832010001 1.1066953036314406 1.06194245482299 1.1313868900509407 1.4033331917509757 0.559506618281 1.1032589688964758 3.6652024677434447 2.106385395838 3.5454031621110005 2.459490089511 3.185241321005 4.390767800559 1.427526234861 3.5662178420830006 2.873127157425 4.4859955521015 2.6233600038625 2.5085324146274997 3.1116490209474996 2.185971390547 2.7730527291715 3.0536707757385 2.538731854281 4.964598134939 4.981061675269 1.8966199035102798 3.5893431738365 2.054515095463 4.422930884939 2.1636980244755 3.1877240886514446 3.3457580066325 2.05653905564718 2.0421702049346786 2.8877314321035 3.0062287222395 3.6650076508669995 4.733049663180499 3.0231475987699996 1.9339318773195 1.9907395421922236 4.484452123089 3.3379627839555 2.4858775869967804 1.95160094947428 3.1511428881397805 3.52430481914078 3.2961990421342797 2.106385395838 3.6148476343325 3.7710570053179446 3.180726402557 2.360739955362 2.6386741494705 3.03733088875668 2.0261391427515 
0.06577517048328 0.00751900998948 0.015415465987279994 0.017360972222499996 0.09239544455748 0.29435050189448 0.05960239332308 0.036265529012580004 0.056515674187279985 0.0 0.16705270308658002 0.03684001065908 0.005589994557480002 0.06822055530698 0.41489343095708 0.7168213067902799 0.29435056969098 0.07619192048328 0.28509170004278 0.19020069938278 0.07560075189458001 0.16242302716058 0.11853018569898 0.07791531485744499 0.045458204281580004 0.009062210658980002 0.06461787177008001 0.07291671666678001 0.04918580998958 0.013691786584779994 0.005589910659 0.10108040864208001 0.36111122222228 0.47974118776748004 0.0 0.01365859330278 0.11688176660478 0.0 0.04782268635797998 0.04089512160507999 0.07328597339478 0.26310064746878 0.04782266969127998 0.14447904399228 0.21675448576278 0.019478939001980004 0.18035848658478 0.021407771100779998 0.15316392530908 0.019478894557445003 1.859169549179225 1.54834358430078 1.9620163024869997 1.136869683368686 1.6590073803095802 1.147108172955781 1.685944060598945 0.6375421487249799 1.512016725137481 0.98718915021803 0.93275101092378 1.257194091138825 1.108320039775265 1.4112526108758563 0.8428813418289809 1.569999170694445 1.27673815034998 0.85019931499906 1.7397008762759603 0.878778113489685 1.78694835615828 1.1125639839541173 1.7722015839685796 1.2619470330981564 1.3115563747504808 1.519459594151425 1.800836853380525 2.09618062568898 1.3982660281277601 0.6966401553682801 0.876852014297105 0.7850254516969 0.9316336057735299 1.76814663317146 1.2397011318314801 1.51632130590556 1.768891801957 1.5078850973124809 0.967483201802261 1.039647305590986 1.0456938762502248 1.3646398287345565 0.9910362153924299 0.69116851662628 1.050017598929526 0.94122151058327 1.031499184114826 1.225136194503361 0.60766747594308 1.0184092092098609 3.479815867550945 2.05016806156648 3.2515984103434796 2.2856445953142797 2.9921223071694802 4.01175888337348 1.5309808787450803 3.23000784296228 2.6908107300090798 4.118904743606981 2.39661816650478 2.35742431133498 2.8687367177689804 2.1810571102570804 2.7376685115665795 2.8608958391127803 2.32128256036148 4.4648411971062805 4.6526174758222805 1.8523541528495602 3.3148117083747803 2.02451545248708 4.048173863773081 2.02567417841298 2.916279047880945 2.9867608953287803 1.9212073913434597 1.893343825912111 2.73317583667258 2.66341878865098 3.3364972176810803 4.191987142794781 2.8755363922280797 1.7588875702085796 1.8616471178133562 4.10964541397748 3.1363393175365797 2.2699712665345 1.8193557098619597 2.8800588981494997 3.3026199088944996 3.042451188727 2.05016806156648 3.35344981960278 3.527389603436445 2.9705824149734803 2.25628904544208 2.43856099213398 2.84649326851996 1.9058785905789797 
0.028352459989500013 0.2092941575205 0.1647212382095 0.22376543456808 0.028738157520499994 0.030075871030500002 0.1340620834465 0.05594130864199999 0.37711769455750005 0.16705270308658002 0.0 0.08737998164650002 0.22974148776750003 0.36953266580099997 0.06111224515449999 0.1979165833335 0.030075938827 0.031824737767500014 0.023131565475000004 0.02083341666700001 0.03354814880800001 0.027777888889000013 0.11660128137800001 0.10299277103034502 0.09599817526900002 0.195405123622 0.0704047902885 0.020061771605000004 0.037997398261 0.16299755880699998 0.18113018164657999 0.0451389444445 0.0652004660495 0.0889230834465 0.16705270308658002 0.116667939599 0.017730395617000003 0.16705270308658002 0.326758173395 0.04513894444450001 0.044350747468999994 0.8113264388269998 0.24342459006150002 0.0947105680665 0.04044281415800002 0.22974157110100002 0.01793567609100001 0.186145500113 0.0015431790125000012 0.080821557520345 1.570203679117545 1.345025841091 1.7232049531045797 1.4613301046330007 1.6069243136430003 1.2323707361952958 1.449447479734845 1.033762135145 1.4167237550437959 1.1843349468231499 1.4802053961089998 1.214370531879845 1.418119790392485 1.3861758776072612 0.9019096063032958 1.368996459892125 1.2802110170170002 0.98253020141908 1.98391432442418 1.118361869045105 1.6399579802325 1.136098201270717 1.87598280866 1.2924256609405613 1.2471275960147956 1.3755556734725447 1.7094018080100448 1.9160115232200001 1.38167693430078 0.8860695319115001 1.173534759976125 1.08865258626492 1.05007565608245 1.8279467171222796 1.2740381898565 1.2844541565227798 1.5609446439325798 1.7088887531447956 0.9848449329433757 1.2807741601885008 1.2520986080403451 1.2978965621327614 1.15114479903455 1.1136228018114998 1.1923794300706407 0.9500954176821901 1.0750952140211407 1.1915717737924756 0.9244118487825002 1.1036717724493759 3.180819536686845 2.1199991979865 2.9819232029364997 2.2019259366724997 2.8080952849475 3.6649230586825006 1.8369229429425 2.9919679497525 2.7120303219845 3.556019462743 2.143146438727 2.3346625959029996 2.64535765851 2.3427088812445 2.731110503542 2.602022818125 2.1650331770285005 3.7622949822914995 4.4431272721185 2.12743179235578 2.978778347881 2.0765993580425 3.7761833434025 2.0252890864379998 2.583331973189845 2.6391531366870002 1.89458738949168 1.7988228620882163 2.6548582267959997 2.413033457787 3.1177475121255 3.472465597733 2.7902743934625 1.7376686949 1.9615704845447608 3.7334885769405 2.802620492228 2.08748700665808 1.74026683270178 2.59958104876708 3.03217300087008 2.74808456156658 2.1199991979865 3.032848415899 3.166664889856345 2.7487468125045 2.3322926312445 2.268422831023 2.53515103889018 1.84222178132 
0.019659188826999997 0.059397173395 0.020603115524999997 0.037997464362579995 0.022359821543000005 0.15682420386900003 0.011943321542999995 0.006747364362500007 0.11379521969099998 0.03684001065908 0.08737998164650002 0.0 0.061326188827 0.11197204989649999 0.288513409837 0.486685426091 0.16142060317950002 0.023131466604999998 0.1846022594245 0.0734910372025 0.056129981646500016 0.059602259424499995 0.04074535098849999 0.049185567757845 0.0051709365125000096 0.06172860493850001 0.020061771605000008 0.028738040288500008 0.026989525246500008 0.015432179012499998 0.03125010000008 0.07001892609100002 0.198876734733 0.300137321543 0.03684001065908 0.029254502429500003 0.08426045811750002 0.03684001065908 0.08541802293249999 0.014463314979999998 0.018288235895500007 0.4426713531795 0.043751189598999984 0.06520079938300001 0.08850410317950001 0.0613262721605 0.06944422222249999 0.022359988209499998 0.07040484584400002 0.011943296542845008 1.812942261791045 1.4789516836835 1.92429335492408 1.246834883651701 1.6748861466465002 1.1533337917507958 1.5833898503713448 0.7370325339555001 1.5240374861952959 0.9987664459144499 1.1163630103614999 1.2174843176777452 1.275383693485385 1.3997479161291388 0.8355290350407958 1.5387933385646249 1.2243219244245 0.90577442364238 1.87246975405388 0.965200794062405 1.6778439916410002 1.1368805750267947 1.8409604215904998 1.285164449462439 1.3208516213132957 1.506000837330045 1.830621069418545 2.0580804876725 1.3790286509674798 0.7768566832010001 0.982170958141625 0.8984378690038202 0.97561804406275 1.77673720346698 1.181112134301 1.3859726231894798 1.7272942654950802 1.6379450558912958 0.9335521922036758 1.1079456892072008 1.095507058934845 1.333450925058639 1.0547048558312502 0.8145785987699999 1.0774376047575407 0.9161722405170902 1.020338786856041 1.2282586361281758 0.688999967666 1.0292311798576756 3.2998238044793444 2.0317525880350003 3.1877243219849998 2.2421932109790004 2.903934589511 3.9552731631810003 1.547237813313 3.209376783583 2.740740089511 3.9030410811314997 2.2886961158125003 2.3552290254674997 2.8001998312945 2.195426530882 2.6636973935905 2.7267559976895 2.264319738702 4.2366814105340005 4.6652155176550005 1.97320485310448 3.1915074366724996 1.974447433936 4.042236521645 2.0319331993685 2.7798574240183447 2.9039905794795002 1.9046955620113801 1.8309299679040938 2.6928108992505004 2.6385022993875 3.335139593477 3.9873362460485 2.828227065917 1.7628481590225 1.902300751736639 4.048102769403 2.9470545165345 2.18908865351658 1.7550045422584801 2.79492404466858 3.1881808511025804 2.9468748145780803 2.0317525880350003 3.2247610071694996 3.3631903406848447 2.888517594251 2.2961211697709993 2.3711566498065 2.66336473108788 1.8349938195165003 
0.10416666666700002 0.005015373457 0.019478910659 0.013691837149979996 0.134645021605 0.373226380957 0.075617549383 0.06577537048350002 0.031635697530999984 0.005589994557480002 0.22974148776750003 0.061326188827 0.0 0.04375124515449999 0.507313800043 0.8373805155449998 0.3686299816465 0.11458341666700002 0.3662823254015 0.2505747377675 0.11975435317950005 0.21585262665649999 0.1438377524295 0.105865233735045 0.07339174125450003 0.011943238209500006 0.09527682154300002 0.11554376863150002 0.08371928086450002 0.0212025900615 0.009242655493479999 0.14293579332300005 0.44540507418700004 0.579089521605 0.005589994557480002 0.025832114857500005 0.1664697532515 0.005589994557480002 0.028738040288499984 0.07349132110100001 0.10744200325150002 0.1984911205355 0.04262698473299998 0.18208243265400004 0.2817249912545 0.013888944444500001 0.2418816332715 0.023533966049499998 0.21276635196500002 0.040895096605045006 1.973289971898945 1.6416474756014998 2.06840408990748 1.1341502687513059 1.7287688990485002 1.1910294969727009 1.785404218812545 0.6152049733245001 1.591809096345201 1.00183927422265 0.8880206607175 1.3177296955636448 1.114088109726085 1.4767621262370387 0.8803186147397009 1.6644685772019252 1.3314619385645 0.88566598737218 1.7573873237498798 0.8918849029267051 1.868267649474 1.1630852379043999 1.8184042899075 1.3205121095705388 1.381728615548201 1.603898153744945 1.8821558078074452 2.1906002609175 1.45839094288548 0.715181333557 0.878778801625125 0.7858031205532201 0.96480204459315 1.82127727052898 1.288252148441 1.61116858177448 1.86680856726948 1.534453232832201 1.017610502570381 1.050816852084806 1.0684043253499451 1.4359446746825388 1.01840933040505 0.664973315917 1.080460618169346 0.99558434340309 1.078917578045846 1.289135630363081 0.595000235565 1.057734045780381 3.594214569286545 2.097125905097 3.368705665197 2.3676689660539996 3.089562138906 4.152341920929 1.529377660787 3.3509399531940005 2.7597010555729997 4.2830634286445 2.4999030995415 2.4251987757385 2.9719883758855 2.209890609683 2.7915708773195 2.9633926646275004 2.4152750332929998 4.6652155176550005 4.771956446874 1.8696134041274797 3.4373369022315003 2.069946830031 4.1791035454330006 2.0857657621295 3.0395759340215447 3.1219926331754992 1.98400799762238 1.9680960306650936 2.8113421821035 2.7824633487825 3.4512729965460003 4.3950868761435 2.9537027376590004 1.8282218927515 1.916665309589539 4.247569255805001 3.2530860493875 2.36782187032998 1.88987242231348 2.99219226097898 3.41087875062198 3.1511371927514804 2.097125905097 3.4751869059375005 3.650686489577045 3.0673003007050004 2.303640859683 2.5291061062605005 2.957855358509881 1.9767562476895 
0.1942140599695 0.0641985754015 0.044350664135500005 0.030026249751479998 0.20926045811750002 0.5199120732105 0.08850460317950001 0.143838165801 0.0136585599695 0.06822055530698 0.36953266580099997 0.11197204989649999 0.04375124515449999 0.0 0.6984914877675 1.0234681195045 0.501526543765 0.2046308099695 0.559264443581 0.34406948987499997 0.266440045433 0.309347378764 0.142935676091 0.20625450006254498 0.134379475349 0.09345329063700002 0.1767868739705 0.224470755307 0.189198908735 0.056416216563000006 0.059888516562979985 0.2827269713565 0.5543320608625 0.7308655754015 0.06822055530698 0.09355303715000003 0.31479854993800005 0.06822055530698 0.007313645617000002 0.16698607320849998 0.17861018265400003 0.192498682654 0.021202590061500003 0.2635924850815 0.389008873497 0.05764018959899999 0.33882364248899993 0.036421019846 0.3371255732084999 0.11551053311754503 2.4703081013494455 2.0391785167579997 2.55688460070498 1.375555831137306 2.145179154105 1.480535729487201 2.174397539621045 0.7398866705289999 2.023651585969701 1.19350113323365 1.0350292084050001 1.6277582159026451 1.432654122729285 1.8348912188944537 1.123366993611201 2.104848407701425 1.605535936511 1.1768149855246801 2.12405400688158 1.1452751446537048 2.1989799463715 1.4970833375713148 2.2142922266309997 1.6786412022279538 1.772365040789701 2.028846027454445 2.3517571047049453 2.651663837467 1.7941934346591801 0.9702146898865001 1.1132897887741249 1.01686682008372 1.2490564776781499 2.17776340665768 1.5314619550295 1.94697107354818 2.31753027079398 1.913104680615701 1.277895309364881 1.292222414470806 1.323599007701445 1.790626510229954 1.30611104093905 0.8050872476895 1.3441927125823458 1.27474867238409 1.358081907026846 1.648907697579781 0.7402042511025 1.333451087142881 4.0280226393050444 2.4227477387565 3.9225232435374995 2.7876879059375 3.5473398860625 4.8074511197135 1.6954268500915002 3.9494111308054993 3.2483429940874995 4.859207755772999 2.9335497418430005 2.850308077165 3.4657206759429995 2.5166332294425002 3.1171927109790003 3.388501966054 2.8627109074245 5.339204208117501 5.4528397532515 2.22265228314618 3.953395673299 2.3578099581125 4.853092235895501 2.481653698853 3.5247705137310446 3.6946897031939994 2.3610165537790797 2.3331197392375085 3.246793356555 3.348265904581 4.058281515032499 5.089597884939001 3.3891539121105003 2.231004343695 2.3058200213219537 4.9008742002175 3.673104989271 2.7998257876714794 2.23601678711218 3.4979091590214795 3.8926260732214804 3.6465122177689806 2.4227477387565 3.9827083361300004 4.135881069286545 3.5352584931695006 2.7029760535164997 2.9662001073670003 3.35554755902158 2.317810315917 
