loss: 1.91928
dummy: 43.6835
global_lasso: 0.872252
sum_local_lasso: 2.40115
loss+global+local: 5.19268
overall: 48.8762
======================================
local lasso dump for each dataset
dataset(0): 0.352556
dataset(1): 0.715762
dataset(2): 0.556192
dataset(3): 0.151637
dataset(4): 0.250004
dataset(5): 0.374999
