loss: 6.75548
dummy: 54.4868
global_lasso: 4.00071
sum_local_lasso: 4.60802
loss+global+local: 15.3642
overall: 69.851
======================================
local lasso dump for each dataset
dataset(0): 0.999533
dataset(1): 1.00016
dataset(2): 1.00012
dataset(3): 0.5
dataset(4): 0.5
dataset(5): 0.608207
