loss: 3.1011
dummy: 29.0794
global_lasso: 1.25
sum_local_lasso: 3.41665
loss+global+local: 7.76775
overall: 36.8471
======================================
local lasso dump for each dataset
dataset(0): 0.500002
dataset(1): 1.08333
dataset(2): 0.500002
dataset(3): 0.25
dataset(4): 0.499978
dataset(5): 0.583339
