0.0 0.45751921470599943 0.6418965379671174 0.5217582542936918 0.6527247740726702 0.7043416665560246 0.49796318255442074 0.6224311835918197 0.630444775158398 0.6919913002614851 0.7888606045485921 0.5101762869017666 0.5702441926079863 0.5367734721109095 0.5747350462702411 0.6650247382003858 0.5909542766131084 0.6331810927284851 0.5504910455709057 0.7445137730185469 0.43406515887892494 0.47774330892777933 0.7751390221585567 0.6757424327541505 0.582062233134567 0.5599536800586703 0.550008337538515 0.5186760952645485 0.558797650364377 0.5495697174402537 0.576912719343962 0.7774330873991248 0.689380298885956 0.5759334285460778 0.4880402905524068 0.7538910755197084 0.6525583415291398 0.7643339928635702 0.7251279025789709 0.5521849919296111 0.6176132344843448 0.6219186780838015 0.6825622318427541 0.7356933022035682 0.5892620660794035 0.7068786988505986 0.7592722163910983 0.7437392823102144 0.6255760489171939 0.6329273517469908 0.6325893476110395 0.6311004975020643 0.5722324390444168 0.6792136572014655 0.6766080120132572 0.7261325516291229 0.7517669229380763 0.5253509453408056 0.625396377693865 0.6539986712179767 0.6388062629510443 0.6205143087843457 
0.45751921470599943 0.0 0.7005364708593039 0.5262444951524666 0.6678185349296687 0.7330676231172112 0.5467944607155513 0.6837665666187225 0.710541339990444 0.6253831342601797 0.8057786072375281 0.4034577407462897 0.5926477910677256 0.5379352177162207 0.6371872571645398 0.6572201324529539 0.6883070177769451 0.648047469063394 0.6685408894178265 0.7577802555393967 0.472717893015072 0.41742082222582555 0.816193311403821 0.6666625484965057 0.6144897523143698 0.5052164375611295 0.4507416549723269 0.525502407293965 0.5077463036020704 0.5177678560910942 0.5561889954000865 0.733138719965936 0.6947884281115089 0.5726838594785789 0.4928189619870837 0.7520771271877558 0.6368269404789111 0.762653613562857 0.6614256988925742 0.5579825613471872 0.5625325865034418 0.6079206834622032 0.5657703838903699 0.7247410531453002 0.4629721382454274 0.728436283910817 0.7394152408913847 0.5671107309673358 0.5190072490538987 0.5989459403642067 0.6759190740605705 0.702174398882598 0.5908712340360335 0.6570201225192525 0.6576861389626075 0.6602830281827508 0.7388870051278559 0.5380263738565805 0.6332347846497766 0.4560720831720999 0.6274767108787818 0.5660935558862843 
0.6418965379671174 0.7005364708593039 0.0 0.5251493685385737 0.7797206225946743 0.7881066249024009 0.6482786634963384 0.7017285795327819 0.8457639113848158 0.7750140903732162 0.9584495626051975 0.6688347307377475 0.7364397650374471 0.6943780017352624 0.696308415620822 0.7951306517482236 0.7998486168290672 0.8632649560660338 0.7951549401652763 0.8637834316995465 0.7220854641989941 0.646929477411685 0.9211496252883327 0.8026322916983365 0.785635359760906 0.7556495901447802 0.7547316860101663 0.7632552485301999 0.7134840367465016 0.7567812909481979 0.6363937173393691 0.9399675398265639 0.9098689023407524 0.746224821278064 0.762129695690129 0.9675181700979046 0.6993052165683554 1.0 0.8438898429538279 0.805558768780346 0.7759440377917547 0.829880848501554 0.8540143472798041 0.9679161807521591 0.7511702707178248 0.9432403457402082 0.9392768701146091 0.8286772882376673 0.7665889984501386 0.7492525301569906 0.8083356672477179 0.8955919597245618 0.7782160277379958 0.7850943086303176 0.7609692442038626 0.8744439244258083 0.6886951292098721 0.7320658288573191 0.8372492048771253 0.7913077545971307 0.8018158723652365 0.787110899977991 
0.5217582542936918 0.5262444951524666 0.5251493685385737 0.0 0.735477900890274 0.7569509299815416 0.5557861329698435 0.6583106460813987 0.6897766647357382 0.7591511033782674 0.9905442715867915 0.5119748180336345 0.6579520748624789 0.5604613610934234 0.5942328198643733 0.6253768824640984 0.7259630850201945 0.7296576565459005 0.6457657890368094 0.8553031600314585 0.5835012903921578 0.5781307490419964 0.8673756577490147 0.7312281029151944 0.6484473587707871 0.6508404406548671 0.6325966383253251 0.6065295463179127 0.6521999583187054 0.6720618143750917 0.5791431510850825 0.9345901459079468 0.8329282975979466 0.6546419680210182 0.5969556552963511 0.8547361610469216 0.6882546651802512 0.8785546686025179 0.7244458752221566 0.671622243444905 0.5646643959513865 0.7124488409524499 0.7447154116351538 0.8857428359104628 0.6346866421163705 0.8554766281230486 0.850892783637269 0.7344535101163459 0.7068570747776907 0.6830870858307235 0.745039991595464 0.763856557089315 0.6146513974522378 0.6472467589344594 0.7725728269677206 0.7876788835964311 0.6973622101223182 0.5918194910570784 0.7089363751875563 0.676241386109011 0.7148530415788904 0.6900365797365275 
0.6527247740726702 0.6678185349296687 0.7797206225946743 0.735477900890274 0.0 0.4532402195330394 0.6169279742130005 0.5949944205582268 0.7208382533649066 0.4608145846742726 0.6658741540771191 0.6379460115253299 0.4852334317424361 0.5670061814540287 0.4922160641653098 0.6372245308847648 0.6370836926063489 0.6906602422921818 0.5563765809731326 0.515891381233917 0.6603462294823929 0.6464051946853726 0.5130767755135474 0.537856114284922 0.5047922508548331 0.616524977451856 0.5875759914415847 0.5661530824301572 0.6799612568202362 0.6089122855601532 0.5880943195023949 0.6353502763054624 0.5650620699413827 0.494353415640906 0.6278669647098966 0.5476124664335433 0.6577107989290911 0.5472093834004537 0.5772820531112185 0.646389368358858 0.6868288396794737 0.6269752771143038 0.6747713376400808 0.6814439747631958 0.6158317774860297 0.6265761354475796 0.5622768878877967 0.6194452564514379 0.6936778676702849 0.6162691650681317 0.6444448209679565 0.6018200001123828 0.5863453079478771 0.6163298253945642 0.6359980807412091 0.5972305305586035 0.6929289112144116 0.696837085937899 0.5812253652176439 0.7245676502113403 0.6442677544962673 0.59783270005727 
0.7043416665560246 0.7330676231172112 0.7881066249024009 0.7569509299815416 0.4532402195330394 0.0 0.6831887102904425 0.49996875119558776 0.7517527439080023 0.4541397853058831 0.7285397890168653 0.6581702802425141 0.5772010744570134 0.5657890376282887 0.5456075936228454 0.6964364482051657 0.6723521030509204 0.6542854420879728 0.6060245979468759 0.4007411799535019 0.7536825629069962 0.6815980098232453 0.5825403237485711 0.5424290721079584 0.5811695032183739 0.773272609589765 0.7326180659826821 0.7256244653499141 0.8060741147080072 0.7216408418940387 0.6697888719684144 0.688627678499437 0.62804516322808 0.623693585860302 0.7270563124845804 0.6684117392496004 0.7527401095816673 0.6734351590403296 0.6222821946506347 0.7646523025257855 0.7990284393810237 0.5853723251784833 0.6905384990782387 0.7566133200778026 0.6791947124495756 0.6867030621009688 0.6664674041644688 0.6825754300513798 0.7386370118413323 0.6291618320870332 0.7226220586170817 0.6529106077266338 0.6797060226288691 0.6134819329555251 0.7225664163390976 0.5935182495994236 0.7306357839796511 0.8117656994165376 0.699920539886142 0.7980133420715436 0.7499068036207422 0.6097467228460622 
0.49796318255442074 0.5467944607155513 0.6482786634963384 0.5557861329698435 0.6169279742130005 0.6831887102904425 0.0 0.5631131011854646 0.6561090953285904 0.6384111792370117 0.7020930166892722 0.514021338797414 0.5612627569098908 0.5832377225565536 0.5818511093300053 0.6625668394988803 0.6203688093201947 0.6390744591687184 0.5661728319704614 0.6865712784314383 0.493468453287014 0.5854408989810275 0.7539033346409817 0.6464513501346503 0.5744742659263878 0.531702918371457 0.5196399916864338 0.550485870198477 0.5546872683254408 0.47571570437646854 0.5891189288032309 0.6911575397378703 0.5901753304715832 0.567479979608322 0.5209329875247266 0.6983356873679931 0.6039610700844011 0.7238971630129941 0.7912291206165619 0.5995986114916683 0.6694418489311772 0.6603992885980289 0.6917565972966483 0.6690114185282435 0.6265956313790992 0.67737521800626 0.7294861045486905 0.7328481271885932 0.653473811425748 0.6909519624845736 0.6536006209292498 0.6636847399803527 0.6134193153900608 0.7506182813015077 0.6644481900808151 0.7317874373179117 0.7787795196492473 0.584817886148718 0.652058042439942 0.6767412575478716 0.5982134673143137 0.6474954185338322 
0.6224311835918197 0.6837665666187225 0.7017285795327819 0.6583106460813987 0.5949944205582268 0.49996875119558776 0.5631131011854646 0.0 0.7492212923747669 0.5514135182839136 0.7573825112577863 0.6155237694625464 0.5775001110256924 0.5246051991220998 0.5293321245999902 0.696421032508959 0.6498637167463712 0.5960730828951779 0.609501260841599 0.5143029248512984 0.677339910326744 0.6164154475912282 0.6790950655725789 0.5944972139754245 0.6051433612374753 0.7416335848866796 0.7108375274650508 0.7136540970035588 0.7681760166970708 0.6722760755195196 0.64128874699254 0.7027534203170086 0.6602774399662107 0.6408658304297334 0.6524946853355138 0.7221099718289535 0.7589296325803229 0.74142824711939 0.7130147688247226 0.7307157613804764 0.7787587025773758 0.5984679616062676 0.6687911254684548 0.7295784652302452 0.6608324609342318 0.6825259510306128 0.7125943006609985 0.7256097008789602 0.7195851640502713 0.6323392909319239 0.7134991192755341 0.6652372785101418 0.6699335414215511 0.6457303468364705 0.7079692148604815 0.65984030085099 0.7602985201357869 0.7658749559360818 0.6971616536120868 0.7575674928871275 0.7120574070215933 0.6062016580587234 
0.630444775158398 0.710541339990444 0.8457639113848158 0.6897766647357382 0.7208382533649066 0.7517527439080023 0.6561090953285904 0.7492212923747669 0.0 0.8244626885570993 0.9086190968526079 0.6287896512833163 0.7302906115665242 0.7197881694146133 0.6782247713436426 0.6740590217243517 0.6665889582696543 0.7262051759844693 0.4700662185744209 0.8265207123407898 0.6943454135671503 0.8367821782976204 0.7698875831269347 0.8063558004609215 0.6287407028292563 0.7249227954991996 0.7547800137464121 0.6445689618765776 0.7851222980834294 0.7093833280179732 0.7101894542535605 0.8530890520417818 0.7635395401670454 0.6573834334063647 0.6170316504049 0.7004542428124616 0.7726333060661811 0.7234080682521911 0.8279884326524017 0.7017453898603303 0.6708625915342665 0.756541903323056 0.8009466884838541 0.7867413226882187 0.8257712914943249 0.759174234152684 0.7630695183209866 0.885481824069376 0.8969928298897832 0.7828640719730092 0.8349764908784476 0.6629587225045143 0.6766390662896428 0.7793639562147564 0.8152155463832151 0.7956020961335907 0.7936932467384572 0.6851251355619937 0.7264447800490593 0.8895458956139842 0.7375795194321062 0.7441027984336861 
0.6919913002614851 0.6253831342601797 0.7750140903732162 0.7591511033782674 0.4608145846742726 0.4541397853058831 0.6384111792370117 0.5514135182839136 0.8244626885570993 0.0 0.6285915287356252 0.6159954416610897 0.5529194934452946 0.5494920515268422 0.5776604724528231 0.707062948504673 0.7147111211974913 0.6670435603062476 0.7049362763541036 0.4269975451663323 0.6579517447710006 0.5255371561125516 0.6106837717683703 0.49134202499937174 0.5937398171868646 0.6623443361294323 0.5835952015629975 0.6683838501998302 0.6584159311712583 0.6100016503334246 0.6220039846064226 0.6225922776734932 0.5835353117411505 0.5954331610639916 0.6798655675664801 0.6876607920619641 0.6478116785900072 0.6726474193657082 0.587446824814097 0.7322864976716452 0.7872222566123184 0.6193078412695712 0.641477575231277 0.7181507425865167 0.5464231000276354 0.6987413530577092 0.6385233145148169 0.5433963315544431 0.6093595107821318 0.6125440520292905 0.6750834163430989 0.7067071572558705 0.684920991077928 0.6519947585847994 0.6598987158656495 0.5862907924518654 0.7459776496848378 0.7825768764069726 0.6896605521789188 0.6396992611204698 0.7149625133545839 0.5841078707224899 
0.7888606045485921 0.8057786072375281 0.9584495626051975 0.9905442715867915 0.6658741540771191 0.7285397890168653 0.7020930166892722 0.7573825112577863 0.9086190968526079 0.6285915287356252 0.0 0.765168372674175 0.7165850521577225 0.8022866685669753 0.8171432792022849 0.9431204171322588 0.7110032484397948 0.7427269162287355 0.7940294355942581 0.5864589754328026 0.7567460587012226 0.7751711789582815 0.7437096604792865 0.7316126060539586 0.7591021829450579 0.7125602287445613 0.7176010797281558 0.795301423535615 0.7619616218154373 0.6558937633172762 0.8385564291150018 0.482750437876276 0.508410757033591 0.7402522140274926 0.7512742805645235 0.714751868331842 0.8001396262286333 0.7250488938749852 0.9273774484514503 0.742851877694981 0.9805284108836051 0.7515145285512541 0.7250288390175592 0.572577925814098 0.761677803224278 0.6068540380222133 0.7177644289417997 0.8144925915098631 0.7039208802612017 0.7908134618007797 0.7690167889570761 0.7535000880599929 0.8590471413957709 0.9602664642577622 0.680484296147128 0.7572475845498297 0.9790527717192367 0.8549400262358001 0.7918169619816902 0.8032215686833785 0.7417636676987406 0.7227627567331767 
0.5101762869017666 0.4034577407462897 0.6688347307377475 0.5119748180336345 0.6379460115253299 0.6581702802425141 0.514021338797414 0.6155237694625464 0.6287896512833163 0.6159954416610897 0.765168372674175 0.0 0.6233449244435741 0.5487257849531818 0.6228650703546992 0.6629898567597937 0.6015894400673392 0.6009473634272556 0.5856853729772268 0.7139629380772171 0.5642558761375993 0.5423925365366633 0.7632091747349539 0.6510893532670022 0.5938348633227957 0.562517430289442 0.5297994053322075 0.580934862055105 0.6134905326711002 0.5506522808724391 0.5542839626722895 0.7012173910611182 0.6603441316041959 0.5775818718099683 0.5060000093142861 0.7135539725911331 0.6875423206717275 0.7551464702999476 0.6861838700894651 0.5651249919368672 0.5812984711249712 0.5739776946827333 0.5760530694674485 0.7060591797426461 0.5244808001833842 0.6847687644402691 0.7400164145039589 0.6377164662857115 0.5700645961090196 0.5769879185016822 0.7239650350972 0.6671779272451442 0.5899116462996004 0.6692205741890548 0.6342747267040613 0.6357532033924762 0.6917140164658091 0.5550128996188393 0.6441794082647163 0.579601247677358 0.5903732771285175 0.5087173980787385 
0.5702441926079863 0.5926477910677256 0.7364397650374471 0.6579520748624789 0.4852334317424361 0.5772010744570134 0.5612627569098908 0.5775001110256924 0.7302906115665242 0.5529194934452946 0.7165850521577225 0.6233449244435741 0.0 0.4137732149614012 0.47610811184020774 0.6111066981694813 0.5698775680624242 0.6159460082566248 0.5601995974722909 0.5850874932884723 0.573362998865747 0.5620527702865316 0.6064769925510011 0.5504866060422418 0.4937482355023705 0.565819821549983 0.53291202022191 0.5389589687214613 0.6212317299511424 0.5642138942348791 0.562207696575997 0.6405712756172485 0.5680037946466504 0.4798520292112892 0.5503409054117384 0.5917132227819006 0.6887412563157594 0.5981647723799184 0.6264649321653213 0.5726789265203003 0.6569627527090879 0.5800895167308682 0.6520312453548455 0.6606454227702139 0.5771714282992311 0.6204753561978458 0.6228309897998359 0.6556536851346492 0.646241126537592 0.5530071318275449 0.5991985075864437 0.5631356592332402 0.5468662802022395 0.5886655740152179 0.6347270762714502 0.5959233229947016 0.7425138575637636 0.6305593550633709 0.5490380564074232 0.6783070508631557 0.6194314867178317 0.5857952246516661 
0.5367734721109095 0.5379352177162207 0.6943780017352624 0.5604613610934234 0.5670061814540287 0.5657890376282887 0.5832377225565536 0.5246051991220998 0.7197881694146133 0.5494920515268422 0.8022866685669753 0.5487257849531818 0.4137732149614012 0.0 0.45358792505760337 0.5216107512921335 0.5864272176176786 0.5559941670765374 0.5828886694748547 0.5943225587375452 0.5634583703664412 0.5029886384283778 0.6374618760677724 0.5261510247289145 0.49099159517392144 0.6333112488344868 0.5817553118135126 0.572512277624748 0.6674375428723212 0.6105406674245837 0.5710551062693231 0.7331283128695588 0.6353934894986444 0.5604865664411822 0.5507747157201244 0.6730520407768705 0.7264091575742753 0.6651933659531057 0.5874801238906974 0.6078671190748411 0.6425931489703377 0.5794045199599704 0.6264792325222134 0.7195691762100999 0.5509509551663411 0.6799370059262927 0.670370446934815 0.6691281324413484 0.6436751385538418 0.5130761337574263 0.6276594775527051 0.6020613085435428 0.5462624729217195 0.5539319110215002 0.6935899881395337 0.6067468735609787 0.7222813013469473 0.6411712317583261 0.5721685921374555 0.6519483848802857 0.6541055593717909 0.558913206627204 
0.5747350462702411 0.6371872571645398 0.696308415620822 0.5942328198643733 0.4922160641653098 0.5456075936228454 0.5818511093300053 0.5293321245999902 0.6782247713436426 0.5776604724528231 0.8171432792022849 0.6228650703546992 0.47610811184020774 0.45358792505760337 0.0 0.5295302959500852 0.6293695281230454 0.6814061609141191 0.5371820773622873 0.6308425161175847 0.5847934980072831 0.6001603619812572 0.5851061487038559 0.585183647273888 0.4672327940524461 0.640430910215541 0.6154180501382653 0.5615686626517005 0.7071206099782901 0.6424814035614885 0.5285119587322751 0.7372226581764393 0.6338231950430322 0.5258017993117653 0.5675119703320294 0.6030407920939497 0.7197578052288821 0.6019395958040187 0.5606829915459376 0.6290427105809229 0.5966780998091099 0.6150058309903447 0.6725521495890969 0.7231848955442176 0.6126804172230689 0.6528114944393283 0.6084746833967398 0.6729451291592855 0.7121469211644696 0.5641367109367889 0.5956014707491638 0.5460270641040015 0.49462140262216153 0.5225249575058818 0.6667559958615813 0.6210299865591943 0.6538300425892477 0.6466372196431267 0.5512238698371571 0.7211616442950101 0.6286590462609014 0.5761895509098761 
0.6650247382003858 0.6572201324529539 0.7951306517482236 0.6253768824640984 0.6372245308847648 0.6964364482051657 0.6625668394988803 0.696421032508959 0.6740590217243517 0.707062948504673 0.9431204171322588 0.6629898567597937 0.6111066981694813 0.5216107512921335 0.5295302959500852 0.0 0.7223650027009089 0.7402785807327947 0.6189147899726776 0.7704765538332015 0.669043478932853 0.7094712422803825 0.6760065786326717 0.6527491158053388 0.5454203239234157 0.7001753855184087 0.6642137970439125 0.5904625475899745 0.7334817154243424 0.6984599006608291 0.6616113247321423 0.8814713556580815 0.7487772893707423 0.6304317012211945 0.6544170180376576 0.7137667458006446 0.759416292230832 0.6671947159389203 0.6303643983625851 0.6885475652689261 0.6485283926992762 0.7571539787605622 0.7703517905579474 0.8324432974753541 0.6868087538842796 0.8035605345289984 0.6947897063774962 0.7575742567919497 0.8204969074852109 0.6855155195203487 0.7296510988163142 0.6804032051463702 0.6069193977776922 0.6426671736278975 0.8282225503626518 0.7444132928950072 0.7443037458008602 0.6949098697048796 0.6220868449940417 0.7803122340512567 0.7453587077107784 0.7040828924534308 
0.5909542766131084 0.6883070177769451 0.7998486168290672 0.7259630850201945 0.6370836926063489 0.6723521030509204 0.6203688093201947 0.6498637167463712 0.6665889582696543 0.7147111211974913 0.7110032484397948 0.6015894400673392 0.5698775680624242 0.5864272176176786 0.6293695281230454 0.7223650027009089 0.0 0.482187666713795 0.5307665541643782 0.6611829775564471 0.6565830854862053 0.7112811295596048 0.6058036107971385 0.6218052552279575 0.5866362281196783 0.681550667633126 0.6753121176565966 0.6545483336412704 0.7566592766162425 0.6258808847744576 0.6500975618556483 0.6247204115574458 0.6088107092287205 0.612955138465681 0.5800622987937842 0.6322890854288674 0.838877310602483 0.6841324048995986 0.7865835867019877 0.59485599457913 0.7360819755986532 0.6388903148176104 0.6879952081696553 0.6267479452313964 0.7072701106543907 0.5982396385703447 0.7229284223741929 0.8387164936079401 0.7392665297963931 0.6206553393394278 0.7127589937584015 0.5695076266626532 0.6409495663287156 0.7676312977199127 0.6807619261249093 0.7014996617209344 0.8098920276156203 0.6810342301636223 0.6292950418571154 0.806881517339297 0.6317631657315506 0.6028611356442476 
0.6331810927284851 0.648047469063394 0.8632649560660338 0.7296576565459005 0.6906602422921818 0.6542854420879728 0.6390744591687184 0.5960730828951779 0.7262051759844693 0.6670435603062476 0.7427269162287355 0.6009473634272556 0.6159460082566248 0.5559941670765374 0.6814061609141191 0.7402785807327947 0.482187666713795 0.0 0.5764856442230022 0.6013843265078335 0.6644991887091138 0.670161939985983 0.6886857161155253 0.5360680605108429 0.6131881928471249 0.747329067166597 0.7100888965057851 0.7183142446713862 0.8056157570763475 0.6833752240816767 0.7462545928704932 0.6685996956672761 0.6318643682041263 0.6765032999244982 0.6219386514209897 0.6968630158449628 0.85287278118334 0.7336405368547584 0.7807545119834943 0.6810440333196359 0.7792690255748738 0.5537184384571542 0.6425576758975259 0.6389907422489863 0.6767212702551266 0.6375645674523222 0.7402775790687309 0.784578972334865 0.7142413289100731 0.6660325856572986 0.7358832145511668 0.6269821420997667 0.6859994951386861 0.7528738710362469 0.759335517236772 0.684757237747184 0.8836620752235441 0.7371019698763213 0.689746368693844 0.7630674481286711 0.7011228724014674 0.6139601897608025 
0.5504910455709057 0.6685408894178265 0.7951549401652763 0.6457657890368094 0.5563765809731326 0.6060245979468759 0.5661728319704614 0.609501260841599 0.4700662185744209 0.7049362763541036 0.7940294355942581 0.5856853729772268 0.5601995974722909 0.5828886694748547 0.5371820773622873 0.6189147899726776 0.5307665541643782 0.5764856442230022 0.0 0.6692905674731913 0.6225543307015918 0.7494639406797358 0.6357214736693932 0.6548929467582224 0.4897613376496767 0.6545214112530805 0.6764303843608319 0.5583058506336476 0.7450420261693387 0.6472463153785203 0.6440385134023346 0.7358006280542616 0.6357558726868584 0.5412241620679694 0.5383912918526889 0.5847300006733274 0.7515477731674678 0.609403556033653 0.7147963707602609 0.596073320704809 0.6115910319143116 0.6066127926306779 0.7068497049542957 0.6776060444405739 0.7224096432741616 0.6185297365219397 0.6549917235762042 0.7964724926998026 0.7886894591694482 0.6599644266499761 0.7079259577265414 0.5172007247708923 0.5524516846389849 0.6680028676707671 0.7149778917100075 0.6776302050998786 0.7540074443880368 0.608891866441189 0.5852786068062764 0.8135241876729875 0.6399636261609619 0.6376127163154185 
0.7445137730185469 0.7577802555393967 0.8637834316995465 0.8553031600314585 0.515891381233917 0.4007411799535019 0.6865712784314383 0.5143029248512984 0.8265207123407898 0.4269975451663323 0.5864589754328026 0.7139629380772171 0.5850874932884723 0.5943225587375452 0.6308425161175847 0.7704765538332015 0.6611829775564471 0.6013843265078335 0.6692905674731913 0.0 0.7672028489719032 0.688933730035939 0.6107554111812877 0.5304340153734569 0.645411145590264 0.7873110153246318 0.7399691290202223 0.7846903522749721 0.8134112008570545 0.71031802932426 0.7483886794406048 0.5808577202479632 0.5641326899777361 0.6822123163408512 0.7525803206798859 0.6886192551969694 0.7866720406726293 0.687000838659193 0.7208609523703063 0.7887166369559875 0.9127964687963801 0.6132603121035621 0.6747900909253866 0.6780299344616773 0.7060287128640451 0.6518325478548134 0.6813466366658959 0.7168009948727988 0.7188242490424969 0.6778611007874756 0.7316460524580211 0.6882892048936816 0.7613396205257512 0.7385162208921362 0.7259288650433006 0.6173756349914225 0.8506475688002569 0.8737635979364583 0.7437152475171287 0.8008827290060191 0.7753297417545945 0.6377968452170596 
0.43406515887892494 0.472717893015072 0.7220854641989941 0.5835012903921578 0.6603462294823929 0.7536825629069962 0.493468453287014 0.677339910326744 0.6943454135671503 0.6579517447710006 0.7567460587012226 0.5642558761375993 0.573362998865747 0.5634583703664412 0.5847934980072831 0.669043478932853 0.6565830854862053 0.6644991887091138 0.6225543307015918 0.7672028489719032 0.0 0.466678627056739 0.7615702301612225 0.6606659217114912 0.5640016596889993 0.4875181927089455 0.47903416345531546 0.49779825769757186 0.5049929587386407 0.476648387677306 0.5722273172498291 0.7494640006829419 0.6400582926773982 0.5563307924463249 0.4697546957564388 0.7058653009601232 0.633588047739345 0.7027352508198952 0.7369562786681944 0.5887274990203815 0.6284001838082154 0.6709256923829852 0.6710855009626381 0.6882069334846552 0.5628794242274787 0.683383533121296 0.6846808823186499 0.6889569253133975 0.622036346963449 0.6793944514709704 0.6161342260410928 0.6637955853827632 0.5934536171459671 0.7146743294936082 0.6723842755728756 0.7350507587277103 0.8121264028782648 0.560230858730254 0.6204378052136236 0.6038353541016501 0.6111595770008011 0.6518553171622281 
0.47774330892777933 0.41742082222582555 0.646929477411685 0.5781307490419964 0.6464051946853726 0.6815980098232453 0.5854408989810275 0.6164154475912282 0.8367821782976204 0.5255371561125516 0.7751711789582815 0.5423925365366633 0.5620527702865316 0.5029886384283778 0.6001603619812572 0.7094712422803825 0.7112811295596048 0.670161939985983 0.7494639406797358 0.688933730035939 0.466678627056739 0.0 0.7885530410134314 0.6130083267246643 0.6427147420991065 0.5723969200384027 0.5006047285961962 0.6145074864385595 0.526569781304128 0.5573199351592206 0.5631093786357223 0.7459117263532615 0.7167770764958892 0.625455328681426 0.580436717317167 0.8097132523564221 0.6363130225421455 0.8141563439619437 0.6537432298970046 0.653896818906164 0.698455854690452 0.6316047442928738 0.6389411674465209 0.7813526717345591 0.4646306401936218 0.770036643736712 0.7578585107533111 0.5882205712927471 0.5137510228918722 0.6119927049990411 0.6366111045977267 0.7469360404363653 0.6518809400643379 0.6366138344430647 0.6658674258524359 0.6872407618562011 0.7594860148544212 0.6546765028912734 0.6890996313686185 0.5126663497180771 0.6809957158687269 0.5941987783351431 
0.7751390221585567 0.816193311403821 0.9211496252883327 0.8673756577490147 0.5130767755135474 0.5825403237485711 0.7539033346409817 0.6790950655725789 0.7698875831269347 0.6106837717683703 0.7437096604792865 0.7632091747349539 0.6064769925510011 0.6374618760677724 0.5851061487038559 0.6760065786326717 0.6058036107971385 0.6886857161155253 0.6357214736693932 0.6107554111812877 0.7615702301612225 0.7885530410134314 0.0 0.5648146270590142 0.5600032239831517 0.7345788315622519 0.7182135935266354 0.6744051558108081 0.8304932715512974 0.7013357377039817 0.6924238932994703 0.7045536059007843 0.6219399865457919 0.6209786099647882 0.7003084566060942 0.5412005170863364 0.8443496159920303 0.5434451529567971 0.6413729942037596 0.7058647831681959 0.771293243806758 0.7107571670784086 0.7518996310811626 0.7012726213509568 0.7277907121718766 0.6299195178061188 0.5774954205162133 0.7613087945315758 0.8301739013343739 0.6772535977811424 0.7060160059135249 0.5923627738323951 0.65741465158207 0.6879576042298252 0.7145500841222648 0.6705732668584886 0.7786037679242974 0.8019224099784088 0.6104939846716116 0.8553735936096457 0.6689993445064945 0.6580354972043518 
0.6757424327541505 0.6666625484965057 0.8026322916983365 0.7312281029151944 0.537856114284922 0.5424290721079584 0.6464513501346503 0.5944972139754245 0.8063558004609215 0.49134202499937174 0.7316126060539586 0.6510893532670022 0.5504866060422418 0.5261510247289145 0.585183647273888 0.6527491158053388 0.6218052552279575 0.5360680605108429 0.6548929467582224 0.5304340153734569 0.6606659217114912 0.6130083267246643 0.5648146270590142 0.0 0.5961880530605933 0.694827607337708 0.6416414688428316 0.6762099563431176 0.7316314386317141 0.6638147607771359 0.6794125441776764 0.7044815710067164 0.6340660050452658 0.6208654726044169 0.6748654401796476 0.6888310711165232 0.7446037213539259 0.6778497118401291 0.6461653480140641 0.7192205200616356 0.773912580654357 0.6368314121792005 0.7091566609875345 0.7319692896529804 0.6203759496933572 0.7080154683069373 0.6873753813299655 0.6753814978536588 0.6917848187966632 0.6528868585921755 0.6912298487613671 0.67892189100028 0.6658950801776446 0.6829409229911696 0.7417652947634938 0.654436138086848 0.8020326052840407 0.7655326594467728 0.6768189558642893 0.72900967558358 0.7259936550538065 0.6381227131733354 
0.582062233134567 0.6144897523143698 0.785635359760906 0.6484473587707871 0.5047922508548331 0.5811695032183739 0.5744742659263878 0.6051433612374753 0.6287407028292563 0.5937398171868646 0.7591021829450579 0.5938348633227957 0.4937482355023705 0.49099159517392144 0.4672327940524461 0.5454203239234157 0.5866362281196783 0.6131881928471249 0.4897613376496767 0.645411145590264 0.5640016596889993 0.6427147420991065 0.5600032239831517 0.5961880530605933 0.0 0.5574678132056108 0.5365319304171937 0.4581714985734953 0.6468668444722159 0.5555814840445039 0.5544264131383213 0.6693049919940552 0.5184190741944871 0.432912603828525 0.5020145733154944 0.5094791533989603 0.6632322002657641 0.4876009235122044 0.574245687140744 0.5538761531098167 0.5691674489235581 0.5697431569362656 0.6310549137649137 0.6314551227384149 0.5674762505997466 0.5649860273508556 0.5044497780218534 0.6459036670244578 0.7067564974845508 0.5765058383968943 0.6026587383528489 0.49509239032458746 0.4839828991363596 0.562788389138319 0.6599187950927905 0.5869976437812374 0.6943441529552993 0.5741390213795773 0.49681073745084575 0.703699885900611 0.5878985171116045 0.5689962169550714 
0.5599536800586703 0.5052164375611295 0.7556495901447802 0.6508404406548671 0.616524977451856 0.773272609589765 0.531702918371457 0.7416335848866796 0.7249227954991996 0.6623443361294323 0.7125602287445613 0.562517430289442 0.565819821549983 0.6333112488344868 0.640430910215541 0.7001753855184087 0.681550667633126 0.747329067166597 0.6545214112530805 0.7873110153246318 0.4875181927089455 0.5723969200384027 0.7345788315622519 0.694827607337708 0.5574678132056108 0.0 0.32539059718185764 0.4249951159543653 0.3923708427721152 0.40385966665920353 0.5336943913544794 0.6556874381932566 0.5869246796708552 0.4875659197744484 0.4410034963813686 0.6321279715773782 0.5662373150955516 0.6242865219621093 0.7112157925281061 0.5145595921483316 0.5798073931995118 0.6847042185293895 0.6605451993606236 0.6613455436030996 0.5133868127323339 0.6347878038478993 0.6452316929814013 0.6014651004905363 0.6016502896455028 0.6673216980982069 0.6387415994246335 0.6672836772404132 0.578126649454065 0.7229356913385165 0.5867115712383004 0.6918873284757777 0.7559815603723972 0.5004727229736322 0.5907443428966807 0.555049668424315 0.5444047131281514 0.6371867683311646 
0.550008337538515 0.4507416549723269 0.7547316860101663 0.6325966383253251 0.5875759914415847 0.7326180659826821 0.5196399916864338 0.7108375274650508 0.7547800137464121 0.5835952015629975 0.7176010797281558 0.5297994053322075 0.53291202022191 0.5817553118135126 0.6154180501382653 0.6642137970439125 0.6753121176565966 0.7100888965057851 0.6764303843608319 0.7399691290202223 0.47903416345531546 0.5006047285961962 0.7182135935266354 0.6416414688428316 0.5365319304171937 0.32539059718185764 0.0 0.4216323464617302 0.3824179562632919 0.34795045128549995 0.4942947065919503 0.6236755254016867 0.5497351850035375 0.4740534449103709 0.438749913251459 0.6061678145197084 0.5750691156994809 0.6078050371301368 0.627856083707735 0.520767203184362 0.5743472847082062 0.6596590847998 0.618355316261198 0.6449888100781896 0.4348215603285678 0.6421723402594561 0.6366835899441283 0.5261144043737486 0.5400027079270356 0.6292749270999188 0.5986539055737404 0.6445427808786973 0.5557947379560054 0.6908341004051081 0.6173862922256559 0.6512711848447412 0.7490414776008653 0.5480647717774583 0.5778401567418647 0.5077968948738895 0.5578481257663882 0.5936232929862142 
0.5186760952645485 0.525502407293965 0.7632552485301999 0.6065295463179127 0.5661530824301572 0.7256244653499141 0.550485870198477 0.7136540970035588 0.6445689618765776 0.6683838501998302 0.795301423535615 0.580934862055105 0.5389589687214613 0.572512277624748 0.5615686626517005 0.5904625475899745 0.6545483336412704 0.7183142446713862 0.5583058506336476 0.7846903522749721 0.49779825769757186 0.6145074864385595 0.6744051558108081 0.6762099563431176 0.4581714985734953 0.4249951159543653 0.4216323464617302 0.0 0.4874795307852951 0.485211877498334 0.5129579809064032 0.7337127501662277 0.595734738799515 0.3948690541244998 0.4338608877276562 0.5810401141293142 0.5987137317020346 0.5586706858416192 0.6251219866456806 0.5096662646468643 0.4943304117702427 0.6637280599342139 0.6758861542825824 0.6946164174551482 0.5444338293597291 0.6621834389848794 0.6202831770688123 0.6320259706898971 0.6662099250967161 0.6294153547286079 0.6167145978051207 0.5855671974826896 0.5058675096054333 0.6365218827537679 0.6596464376550693 0.6764452716778743 0.7191441022109339 0.4785976579193631 0.5195159416974334 0.6305573886613824 0.5787559489421216 0.6316896541312182 
0.558797650364377 0.5077463036020704 0.7134840367465016 0.6521999583187054 0.6799612568202362 0.8060741147080072 0.5546872683254408 0.7681760166970708 0.7851222980834294 0.6584159311712583 0.7619616218154373 0.6134905326711002 0.6212317299511424 0.6674375428723212 0.7071206099782901 0.7334817154243424 0.7566592766162425 0.8056157570763475 0.7450420261693387 0.8134112008570545 0.5049929587386407 0.526569781304128 0.8304932715512974 0.7316314386317141 0.6468668444722159 0.3923708427721152 0.3824179562632919 0.4874795307852951 0.0 0.4287468047535285 0.5312865392062053 0.7147811511403905 0.6692436700746585 0.57183073484863 0.5267589683609674 0.7731639705048889 0.46361397292894324 0.749693838408609 0.7526111722951727 0.6215088193486437 0.675868779406857 0.7742125564732805 0.7006106229875334 0.7574255644089721 0.5264582632115852 0.7711620502053482 0.7528036531480428 0.6162061013351403 0.6064104450680208 0.7182349413711531 0.6809952606282416 0.7919000550777203 0.6773358337762855 0.7754783977838753 0.6913880656269177 0.7625974571974266 0.8023194691217784 0.6002851478592641 0.6975554808250992 0.5661110192350118 0.6594263497272715 0.7061353018155464 
0.5495697174402537 0.5177678560910942 0.7567812909481979 0.6720618143750917 0.6089122855601532 0.7216408418940387 0.47571570437646854 0.6722760755195196 0.7093833280179732 0.6100016503334246 0.6558937633172762 0.5506522808724391 0.5642138942348791 0.6105406674245837 0.6424814035614885 0.6984599006608291 0.6258808847744576 0.6833752240816767 0.6472463153785203 0.71031802932426 0.476648387677306 0.5573199351592206 0.7013357377039817 0.6638147607771359 0.5555814840445039 0.40385966665920353 0.34795045128549995 0.485211877498334 0.4287468047535285 0.0 0.5259723003673692 0.5978379345057249 0.5192291204739772 0.5151334824068885 0.4566612921270208 0.60140759223841 0.5875453215249236 0.6245479975643965 0.7245751326075646 0.5561791087570306 0.6618192566242035 0.6803052716395865 0.6400655320297591 0.5870849692837882 0.5236796548164241 0.6170891743783762 0.6385023741564302 0.6376912633244617 0.5926957683148675 0.647734271755045 0.6366652390403841 0.6511504827481582 0.6235479869039804 0.7660730187740238 0.6157802363206061 0.6899725647037752 0.7995752088824035 0.5961208260829998 0.6054255176405393 0.5902738989640292 0.5527476617202841 0.6193001260475312 
0.576912719343962 0.5561889954000865 0.6363937173393691 0.5791431510850825 0.5880943195023949 0.6697888719684144 0.5891189288032309 0.64128874699254 0.7101894542535605 0.6220039846064226 0.8385564291150018 0.5542839626722895 0.562207696575997 0.5710551062693231 0.5285119587322751 0.6616113247321423 0.6500975618556483 0.7462545928704932 0.6440385134023346 0.7483886794406048 0.5722273172498291 0.5631093786357223 0.6924238932994703 0.6794125441776764 0.5544264131383213 0.5336943913544794 0.4942947065919503 0.5129579809064032 0.5312865392062053 0.5259723003673692 0.0 0.7035324143033918 0.6733958139885492 0.4767232046973402 0.4852085699687719 0.6616035460684875 0.6426362507806253 0.6778372209756693 0.610065121350779 0.5908348814452483 0.5496839577686758 0.6793447879256479 0.6492426108622456 0.7499260188767842 0.5240403277333234 0.7082730791593043 0.6947136931733092 0.6150947329649101 0.6464446145904045 0.5757376671509796 0.6529029028655926 0.6652556263470635 0.5417116586507315 0.5746424920547728 0.5999832278484916 0.6394878706253421 0.6169973074959451 0.5830036468944682 0.595610094273336 0.6270951108490596 0.5908957267059431 0.5633606850609368 
0.7774330873991248 0.733138719965936 0.9399675398265639 0.9345901459079468 0.6353502763054624 0.688627678499437 0.6911575397378703 0.7027534203170086 0.8530890520417818 0.6225922776734932 0.482750437876276 0.7012173910611182 0.6405712756172485 0.7331283128695588 0.7372226581764393 0.8814713556580815 0.6247204115574458 0.6685996956672761 0.7358006280542616 0.5808577202479632 0.7494640006829419 0.7459117263532615 0.7045536059007843 0.7044815710067164 0.6693049919940552 0.6556874381932566 0.6236755254016867 0.7337127501662277 0.7147811511403905 0.5978379345057249 0.7035324143033918 0.0 0.4296354448733656 0.6368761026213998 0.6238011182665945 0.5674543207404531 0.8062610422109875 0.6110554176977366 0.8220282715081965 0.6762379925546537 0.8667406763014106 0.6703354579340576 0.5841628963612706 0.48491257643133123 0.6631063045173924 0.5141961586496203 0.6493197117128392 0.7065567346185441 0.6767128380107342 0.6809728693468807 0.7259672798887782 0.6599858547645326 0.7493893342869883 0.8507868047588446 0.6390521670525996 0.6290531810501102 0.8879716851701001 0.8059362016522492 0.7016090642479617 0.7470389171481621 0.6527929494652989 0.6032043335543655 
0.689380298885956 0.6947884281115089 0.9098689023407524 0.8329282975979466 0.5650620699413827 0.62804516322808 0.5901753304715832 0.6602774399662107 0.7635395401670454 0.5835353117411505 0.508410757033591 0.6603441316041959 0.5680037946466504 0.6353934894986444 0.6338231950430322 0.7487772893707423 0.6088107092287205 0.6318643682041263 0.6357558726868584 0.5641326899777361 0.6400582926773982 0.7167770764958892 0.6219399865457919 0.6340660050452658 0.5184190741944871 0.5869246796708552 0.5497351850035375 0.595734738799515 0.6692436700746585 0.5192291204739772 0.6733958139885492 0.4296354448733656 0.0 0.53921178553644 0.5495043049627347 0.4661111409649245 0.7308996352862094 0.48858911304215086 0.7546937693538973 0.5917734483653382 0.7734129057292689 0.6181223546037158 0.5976350586021252 0.46413611266290355 0.6194958454960617 0.4666685106611375 0.5466451069179574 0.6900241478476251 0.6543328843132256 0.6611634544057103 0.6386699081943312 0.541846442478542 0.6445705865278486 0.7675385148154122 0.6464707147271769 0.6060959851741354 0.861114584140991 0.7150567780732043 0.6096611072801185 0.7260233883103555 0.6008581579942874 0.5842572060695427 
0.5759334285460778 0.5726838594785789 0.746224821278064 0.6546419680210182 0.494353415640906 0.623693585860302 0.567479979608322 0.6408658304297334 0.6573834334063647 0.5954331610639916 0.7402522140274926 0.5775818718099683 0.4798520292112892 0.5604865664411822 0.5258017993117653 0.6304317012211945 0.612955138465681 0.6765032999244982 0.5412241620679694 0.6822123163408512 0.5563307924463249 0.625455328681426 0.6209786099647882 0.6208654726044169 0.432912603828525 0.4875659197744484 0.4740534449103709 0.3948690541244998 0.57183073484863 0.5151334824068885 0.4767232046973402 0.6368761026213998 0.53921178553644 0.0 0.4703344380501824 0.48742691687921724 0.6221087147108021 0.5353848008667017 0.5872128091594145 0.518105903552011 0.5152231706630649 0.5711997422611311 0.6163754996653996 0.633653969760331 0.5421129333154374 0.5873039617110463 0.5409176216027982 0.5855453498667096 0.641707612057078 0.5871084628090877 0.6132169878655581 0.5301695804375236 0.4937907193737525 0.5716762704431596 0.5649109493001787 0.5671277848308722 0.6592855028591335 0.5293324506368421 0.5230261655336047 0.6412214835450971 0.5293852516924487 0.552440418276597 
